11
2
haar_feature 1
2
14 18 9 14 0 -1
14 25 9 7 0 2
haar_y2
0.000000e+00 0.000000e+00 0.000000e+00
1.851374e-02 -8.500564e-01 4.143556e-01
0.000000e+00 0.000000e+00 0.000000e+00

5
haar_feature 1
2
0 14 39 19 0 -1
13 14 13 19 0 3
haar_x3_0
1.702905e-01 -6.318102e-01 6.049724e-01
0.000000e+00 0.000000e+00 0.000000e+00
2.410180e-01 -6.188884e-01 7.924218e-01

3
hog_feature 3
17
0 4 36 18
4_cells_hog
2.641308e+02 -8.517594e-01 2.998072e-01
1.341035e+02 -9.148579e-01 8.844966e-02
0.000000e+00 0.000000e+00 0.000000e+00

4
hog_feature 3
31
0 10 22 22
4_cells_hog
0.000000e+00 0.000000e+00 0.000000e+00
0.000000e+00 0.000000e+00 0.000000e+00
2.166526e+02 5.334921e-01 -8.515812e-01

2
hog_feature 3
32
6 10 26 26
4_cells_hog
0.000000e+00 0.000000e+00 0.000000e+00
3.192473e+02 4.942364e-01 -7.682937e-01
0.000000e+00 0.000000e+00 0.000000e+00

5
hog_feature 3
4
18 6 18 18
4_cells_hog
1.103279e+02 4.859722e-01 -6.242707e-01
0.000000e+00 0.000000e+00 0.000000e+00
1.152376e+02 2.827005e-01 -5.981708e-01

2
haar_feature 1
2
6 18 14 7 0 -1
13 18 7 7 0 2
haar_x2
0.000000e+00 0.000000e+00 0.000000e+00
-7.743501e-03 4.718480e-01 -6.666899e-01
0.000000e+00 0.000000e+00 0.000000e+00

5
var_feature 2
1
14 2 12 4
one_rect_var
1.179707e+02 -7.983887e-01 2.183405e-01
0.000000e+00 0.000000e+00 0.000000e+00
1.976108e+02 -8.106043e-01 4.619186e-01

2
hog_feature 3
22
4 8 12 24
4_cells_hog
0.000000e+00 0.000000e+00 0.000000e+00
1.052009e+02 4.792492e-01 -7.215909e-01
0.000000e+00 0.000000e+00 0.000000e+00

5
hog_feature 3
31
0 2 32 32
4_cells_hog
1.022098e+03 2.541008e-01 -6.498654e-01
0.000000e+00 0.000000e+00 0.000000e+00
8.412537e+02 1.528491e-01 -7.642173e-01

1
haar_feature 1
2
8 4 31 36 0 -1
8 16 31 12 0 2
haar_y3_3
-6.331392e-01 -5.157290e-01 3.443387e-01
0.000000e+00 0.000000e+00 0.000000e+00
0.000000e+00 0.000000e+00 0.000000e+00

6
1 2 5 7 9 10 
-1.903527e+00
5
0 2 4 6 8 
-1.717341e+00
5
1 3 5 7 9 
-1.845524e+00

-1
-1
