4
3
var_feature 2
1
22 16 7 21
one_rect_var
3.688062e+01 -1.000000e+00 9.958805e-01
4.026123e+03 1.000000e+00 0.000000e+00
0.000000e+00 0.000000e+00 0.000000e+00

4
haar_feature 1
2
8 8 14 12 0 -1
8 12 14 4 0 3
haar_y3_0
0.000000e+00 0.000000e+00 0.000000e+00
0.000000e+00 0.000000e+00 0.000000e+00
2.932540e-02 9.938144e-01 -1.000000e+00

4
hog_feature 3
30
6 4 22 22
4_cells_hog
0.000000e+00 0.000000e+00 0.000000e+00
0.000000e+00 0.000000e+00 0.000000e+00
1.368768e+01 -5.154809e-01 9.938096e-01

4
haar_feature 1
2
0 6 4 27 0 -1
0 24 4 9 0 2
haar_y3_5
0.000000e+00 0.000000e+00 0.000000e+00
0.000000e+00 0.000000e+00 0.000000e+00
-1.602209e-01 -5.838169e-01 9.619679e-01

1
0 
9.958805e-01
1
0 
1.000000e+00
3
1 2 3 
1.403807e+00

29
-1
