68
2
haar_feature 1
3
16 16 10 8 0 -1
16 16 5 4 0 2
21 20 5 4 0 2
haar_x2_y2
0.000000e+00 0.000000e+00 0.000000e+00
7.945174e-03 -5.656269e-01 1.892411e-01
0.000000e+00 0.000000e+00 0.000000e+00

5
haar_feature 1
2
10 0 21 28 0 -1
10 14 21 14 0 2
haar_y2
3.323082e-02 -4.798851e-01 -2.030651e-01
0.000000e+00 0.000000e+00 0.000000e+00
1.272521e-01 -5.144186e-01 1.485149e-01

2
hog_feature 3
6
10 18 10 10
4_cells_hog
0.000000e+00 0.000000e+00 0.000000e+00
5.243280e+01 -4.101391e-01 2.499571e-01
0.000000e+00 0.000000e+00 0.000000e+00

5
hog_feature 3
26
8 18 14 14
4_cells_hog
2.455993e+02 -2.300541e-01 2.066924e-01
0.000000e+00 0.000000e+00 0.000000e+00
1.818610e+02 -3.482681e-01 1.819095e-01

3
hog_feature 3
25
20 6 16 32
4_cells_hog
5.911932e+01 -6.244580e-01 3.450608e-02
9.906543e+01 2.384118e-01 -4.122177e-01
0.000000e+00 0.000000e+00 0.000000e+00

4
hog_feature 3
26
14 12 14 14
4_cells_hog
0.000000e+00 0.000000e+00 0.000000e+00
0.000000e+00 0.000000e+00 0.000000e+00
1.110773e+02 1.744079e-01 -4.227296e-01

2
haar_feature 1
3
16 26 10 6 0 -1
16 26 5 3 0 2
21 29 5 3 0 2
haar_x2_y2
0.000000e+00 0.000000e+00 0.000000e+00
-6.074376e-04 2.214408e-01 -3.978185e-01
0.000000e+00 0.000000e+00 0.000000e+00

5
hog_feature 3
18
20 8 10 10
4_cells_hog
4.162793e+01 -4.327928e-01 1.128212e-01
0.000000e+00 0.000000e+00 0.000000e+00
6.122598e+01 -3.146387e-01 1.419618e-01

1
hog_feature 3
11
6 6 16 16
4_cells_hog
7.799486e+01 1.741912e-01 -2.940717e-01
0.000000e+00 0.000000e+00 0.000000e+00
0.000000e+00 0.000000e+00 0.000000e+00

6
var_feature 2
1
0 0 14 6
one_rect_var
0.000000e+00 0.000000e+00 0.000000e+00
1.541250e+02 2.931842e-01 -1.988698e-01
5.916226e+02 1.866006e-01 -2.547953e-01

1
haar_feature 1
2
24 16 15 7 0 -1
24 16 5 7 0 3
haar_x3_1
2.174152e-02 -2.119388e-01 2.446930e-01
0.000000e+00 0.000000e+00 0.000000e+00
0.000000e+00 0.000000e+00 0.000000e+00

6
haar_feature 1
2
10 10 18 15 0 -1
10 10 6 15 0 3
haar_x3_1
0.000000e+00 0.000000e+00 0.000000e+00
-2.933299e-02 -6.174887e-01 1.350891e-01
-6.226302e-02 -4.277489e-01 7.570186e-02

3
haar_feature 1
2
10 0 21 23 0 -1
10 0 7 23 0 3
haar_x3_1
-2.710805e-01 -6.078138e-01 2.496195e-02
5.886518e-02 1.759970e-01 -4.737603e-01
0.000000e+00 0.000000e+00 0.000000e+00

4
hog_feature 3
35
10 4 8 16
4_cells_hog
0.000000e+00 0.000000e+00 0.000000e+00
0.000000e+00 0.000000e+00 0.000000e+00
1.119089e+01 -6.434079e-01 9.569271e-02

1
hog_feature 3
28
14 10 16 8
4_cells_hog
1.233100e+02 -2.286127e-01 2.081761e-01
0.000000e+00 0.000000e+00 0.000000e+00
0.000000e+00 0.000000e+00 0.000000e+00

6
hog_feature 3
7
8 28 20 10
4_cells_hog
0.000000e+00 0.000000e+00 0.000000e+00
4.736115e+00 -7.435616e-01 7.720896e-02
2.180264e+02 -1.429575e-01 2.797686e-01

3
hog_feature 3
30
20 0 18 36
4_cells_hog
2.915736e+02 1.261327e-01 -2.456958e-01
3.076654e+02 1.707483e-01 -3.634870e-01
0.000000e+00 0.000000e+00 0.000000e+00

4
var_feature 2
1
14 20 8 4
one_rect_var
0.000000e+00 0.000000e+00 0.000000e+00
0.000000e+00 0.000000e+00 0.000000e+00
1.722998e+01 3.680025e-01 -1.668551e-01

2
hog_feature 3
15
24 4 8 16
4_cells_hog
0.000000e+00 0.000000e+00 0.000000e+00
2.193167e+01 -5.385873e-01 1.643443e-01
0.000000e+00 0.000000e+00 0.000000e+00

5
hog_feature 3
20
22 18 10 20
4_cells_hog
1.909006e+02 -7.399056e-02 2.044455e-01
0.000000e+00 0.000000e+00 0.000000e+00
2.448810e+02 -2.368364e-01 2.930803e-01

3
haar_feature 1
2
16 14 3 24 0 -1
16 26 3 12 0 2
haar_y2
4.203088e-03 9.321778e-02 -2.795727e-01
1.563246e-03 -5.606437e-01 1.241726e-01
0.000000e+00 0.000000e+00 0.000000e+00

4
hog_feature 3
1
16 2 12 6
4_cells_hog
0.000000e+00 0.000000e+00 0.000000e+00
0.000000e+00 0.000000e+00 0.000000e+00
1.788855e+01 -3.190174e-01 1.725096e-01

2
hog_feature 3
5
0 4 20 20
4_cells_hog
0.000000e+00 0.000000e+00 0.000000e+00
2.120732e+02 1.829876e-01 -4.684614e-01
0.000000e+00 0.000000e+00 0.000000e+00

5
hog_feature 3
16
2 2 18 18
4_cells_hog
2.857237e+02 -2.069685e-01 2.206854e-01
0.000000e+00 0.000000e+00 0.000000e+00
8.159523e+02 -7.712902e-02 4.763730e-01

2
hog_feature 3
19
2 0 16 16
4_cells_hog
0.000000e+00 0.000000e+00 0.000000e+00
1.662855e+02 -3.486646e-01 2.502383e-01
0.000000e+00 0.000000e+00 0.000000e+00

5
hog_feature 3
6
18 6 18 18
4_cells_hog
2.285015e+02 9.688239e-02 -3.472567e-01
0.000000e+00 0.000000e+00 0.000000e+00
7.815503e+01 1.971881e-01 -2.433149e-01

2
var_feature 2
1
18 30 6 5
one_rect_var
0.000000e+00 0.000000e+00 0.000000e+00
5.934135e+02 1.231428e-01 -7.032026e-01
0.000000e+00 0.000000e+00 0.000000e+00

5
hog_feature 3
22
18 0 18 36
4_cells_hog
6.419556e+01 -8.556644e-01 3.252697e-02
0.000000e+00 0.000000e+00 0.000000e+00
6.946927e+02 5.638051e-02 -6.858520e-01

1
hog_feature 3
1
0 16 10 20
4_cells_hog
7.424745e+01 1.385009e-01 -2.989725e-01
0.000000e+00 0.000000e+00 0.000000e+00
0.000000e+00 0.000000e+00 0.000000e+00

6
haar_feature 1
2
14 28 4 9 0 -1
14 34 4 3 0 3
haar_y3_2
0.000000e+00 0.000000e+00 0.000000e+00
-3.304130e-03 2.038619e-01 -2.605265e-01
-3.399204e-03 2.315747e-01 -2.385750e-01

2
hog_feature 3
21
6 10 10 20
4_cells_hog
0.000000e+00 0.000000e+00 0.000000e+00
7.236360e+01 1.668632e-01 -5.736089e-01
0.000000e+00 0.000000e+00 0.000000e+00

5
hog_feature 3
13
4 0 24 12
4_cells_hog
5.537083e+01 -2.355176e-01 1.101542e-01
0.000000e+00 0.000000e+00 0.000000e+00
1.057978e+02 -2.601461e-01 1.557083e-01

2
hog_feature 3
28
18 6 16 32
4_cells_hog
0.000000e+00 0.000000e+00 0.000000e+00
2.669941e+02 -4.306389e-01 1.850431e-01
0.000000e+00 0.000000e+00 0.000000e+00

5
hog_feature 3
17
18 18 8 16
4_cells_hog
8.027063e+01 1.263127e-01 -1.425070e-01
0.000000e+00 0.000000e+00 0.000000e+00
2.510144e+01 -3.974956e-01 1.179133e-01

3
var_feature 2
1
36 4 4 4
one_rect_var
3.292969e+00 2.937721e-01 -4.569899e-02
1.946680e+01 3.779984e-01 -2.497960e-01
0.000000e+00 0.000000e+00 0.000000e+00

4
hog_feature 3
35
18 24 10 10
4_cells_hog
0.000000e+00 0.000000e+00 0.000000e+00
0.000000e+00 0.000000e+00 0.000000e+00
1.380078e+01 2.502604e-01 -2.189746e-01

1
hog_feature 3
15
6 22 16 16
4_cells_hog
1.079134e+02 -3.205523e-01 1.165539e-01
0.000000e+00 0.000000e+00 0.000000e+00
0.000000e+00 0.000000e+00 0.000000e+00

6
hog_feature 3
4
10 2 18 36
4_cells_hog
0.000000e+00 0.000000e+00 0.000000e+00
1.153055e+02 -8.676411e-01 6.018571e-02
5.627244e+02 8.342808e-02 -6.143308e-01

1
haar_feature 1
2
18 2 20 9 0 -1
28 2 10 9 0 2
haar_x2
-7.063919e-02 -5.847350e-01 6.350460e-02
0.000000e+00 0.000000e+00 0.000000e+00
0.000000e+00 0.000000e+00 0.000000e+00

6
haar_feature 1
2
14 12 4 9 0 -1
14 18 4 3 0 2
haar_y3_5
0.000000e+00 0.000000e+00 0.000000e+00
-1.205161e-02 4.785603e-02 -8.279585e-01
-2.857622e-02 -4.073869e-01 1.047926e-01

1
hog_feature 3
4
22 8 14 14
4_cells_hog
2.013515e+01 2.101909e-01 -2.052627e-01
0.000000e+00 0.000000e+00 0.000000e+00
0.000000e+00 0.000000e+00 0.000000e+00

6
hog_feature 3
23
16 2 16 32
4_cells_hog
0.000000e+00 0.000000e+00 0.000000e+00
2.994163e+02 1.195526e-01 -3.243957e-01
3.533589e+02 5.493801e-02 -8.103781e-01

2
haar_feature 1
2
8 2 12 15 0 -1
8 7 12 5 0 3
haar_y3_0
0.000000e+00 0.000000e+00 0.000000e+00
2.746318e-02 -2.219701e-01 3.974095e-01
0.000000e+00 0.000000e+00 0.000000e+00

5
hog_feature 3
16
10 2 12 6
4_cells_hog
5.061419e+01 -1.353181e-01 1.660713e-01
0.000000e+00 0.000000e+00 0.000000e+00
8.374105e+01 -1.624856e-01 2.977475e-01

5
haar_feature 1
2
18 8 12 20 0 -1
18 8 4 20 0 2
haar_x3_4
-2.653596e-02 2.245608e-02 -7.547212e-01
0.000000e+00 0.000000e+00 0.000000e+00
-6.937856e-02 8.566455e-02 -5.899118e-01

5
var_feature 2
1
32 0 6 19
one_rect_var
6.281157e+02 7.472019e-02 -1.064747e-01
0.000000e+00 0.000000e+00 0.000000e+00
4.149957e+02 2.602842e-01 -2.622724e-01

5
hog_feature 3
10
8 14 14 14
4_cells_hog
2.435544e+01 -4.356925e-01 7.531136e-02
0.000000e+00 0.000000e+00 0.000000e+00
1.881846e+01 -4.763604e-01 6.768860e-02

5
var_feature 2
1
20 22 4 13
one_rect_var
2.868578e+01 6.566656e-01 -6.474055e-02
0.000000e+00 0.000000e+00 0.000000e+00
1.891357e+00 7.625131e-01 -3.389793e-02

5
hog_feature 3
0
10 6 10 20
4_cells_hog
3.837868e+02 8.640144e-02 -3.948067e-01
0.000000e+00 0.000000e+00 0.000000e+00
3.692862e+02 -1.246419e-01 2.498466e-01

5
hog_feature 3
34
10 4 10 20
4_cells_hog
2.059779e+02 -2.181012e-01 2.020241e-01
0.000000e+00 0.000000e+00 0.000000e+00
2.236061e+00 -4.501087e-01 2.604408e-02

5
hog_feature 3
7
2 28 10 10
4_cells_hog
5.000002e+00 2.424111e-01 -1.326919e-01
0.000000e+00 0.000000e+00 0.000000e+00
2.341885e+01 1.766661e-01 -2.287949e-01

5
haar_feature 1
2
18 22 10 18 0 -1
18 28 10 6 0 3
haar_y3_0
2.426820e-02 -7.683876e-02 2.974464e-01
0.000000e+00 0.000000e+00 0.000000e+00
1.481859e-02 -1.820611e-01 2.198666e-01

5
var_feature 2
1
18 18 5 10
one_rect_var
5.650425e+02 1.381442e-01 -1.887470e-01
0.000000e+00 0.000000e+00 0.000000e+00
1.210010e+01 4.253046e-01 -1.120600e-01

5
hog_feature 3
28
20 4 10 20
4_cells_hog
9.865833e+02 -3.894086e-02 6.446725e-01
0.000000e+00 0.000000e+00 0.000000e+00
1.506926e+02 -2.355451e-01 1.932839e-01

5
hog_feature 3
5
20 20 18 18
4_cells_hog
2.223956e+01 -6.775320e-01 3.953999e-02
0.000000e+00 0.000000e+00 0.000000e+00
1.926340e+01 -4.143174e-01 1.047088e-01

5
hog_feature 3
23
0 2 28 28
4_cells_hog
8.097921e+02 5.748693e-02 -4.731734e-01
0.000000e+00 0.000000e+00 0.000000e+00
9.527782e+02 -5.865013e-02 6.036072e-01

5
hog_feature 3
20
4 6 28 28
4_cells_hog
1.151441e+02 -5.754867e-01 7.602234e-02
0.000000e+00 0.000000e+00 0.000000e+00
3.391579e+03 2.042823e-02 -1.000073e+00

5
hog_feature 3
30
22 20 14 14
4_cells_hog
2.280548e+01 2.113616e-01 -1.304596e-01
0.000000e+00 0.000000e+00 0.000000e+00
4.958203e+01 1.864202e-01 -2.047851e-01

1
var_feature 2
1
20 4 12 4
one_rect_var
1.257445e+02 -6.366087e-01 6.666952e-02
0.000000e+00 0.000000e+00 0.000000e+00
0.000000e+00 0.000000e+00 0.000000e+00

1
haar_feature 1
2
6 8 8 30 0 -1
6 18 8 10 0 2
haar_y3_3
-1.243577e-01 -2.451731e-01 1.738328e-01
0.000000e+00 0.000000e+00 0.000000e+00
0.000000e+00 0.000000e+00 0.000000e+00

1
haar_feature 1
2
0 26 35 9 0 -1
0 29 35 3 0 2
haar_y3_3
-8.664870e-02 5.194429e-02 -7.773650e-01
0.000000e+00 0.000000e+00 0.000000e+00
0.000000e+00 0.000000e+00 0.000000e+00

1
hog_feature 3
31
8 30 12 6
4_cells_hog
1.403552e+01 1.611582e-01 -2.450112e-01
0.000000e+00 0.000000e+00 0.000000e+00
0.000000e+00 0.000000e+00 0.000000e+00

1
hog_feature 3
15
22 32 8 4
4_cells_hog
3.183594e+01 8.606279e-02 -4.135838e-01
0.000000e+00 0.000000e+00 0.000000e+00
0.000000e+00 0.000000e+00 0.000000e+00

1
hog_feature 3
25
12 30 16 8
4_cells_hog
2.859570e+02 -9.663375e-02 3.966061e-01
0.000000e+00 0.000000e+00 0.000000e+00
0.000000e+00 0.000000e+00 0.000000e+00

1
haar_feature 1
2
18 10 4 30 0 -1
18 10 4 10 0 3
haar_y3_1
-1.867896e-02 -3.381094e-01 1.094464e-01
0.000000e+00 0.000000e+00 0.000000e+00
0.000000e+00 0.000000e+00 0.000000e+00

1
var_feature 2
1
2 0 31 4
one_rect_var
3.499721e+03 3.978900e-02 -8.258777e-01
0.000000e+00 0.000000e+00 0.000000e+00
0.000000e+00 0.000000e+00 0.000000e+00

1
var_feature 2
1
14 6 9 9
one_rect_var
1.435226e+03 -1.400450e-01 2.837971e-01
0.000000e+00 0.000000e+00 0.000000e+00
0.000000e+00 0.000000e+00 0.000000e+00

1
hog_feature 3
14
14 10 14 28
4_cells_hog
1.995225e+02 1.380885e-01 -2.722174e-01
0.000000e+00 0.000000e+00 0.000000e+00
0.000000e+00 0.000000e+00 0.000000e+00

46
1 3 4 7 8 10 12 14 16 19 20 23 25 27 28 31 33 34 36 38 40 43 44 45 46 47 48 49 50 51 52 53 54 55 56 57 58 59 60 61 62 63 64 65 66 67 
-1.503841e+00
22
0 2 4 6 9 11 12 15 16 18 20 22 24 26 29 30 32 34 37 39 41 42 
-1.650105e+00
36
1 3 5 7 9 11 13 15 17 19 21 23 25 27 29 31 33 35 37 39 41 43 44 45 46 47 48 49 50 51 52 53 54 55 56 57 
-1.616971e+00

11
-1
