12
7
hog_feature 3
25
12 12 12 24
4_cells_hog
2.863857e+02 -8.352941e-01 -1.027027e-01
5.325686e+02 -6.613418e-01 1.189427e-01
6.735287e+02 -5.958549e-01 3.246753e-01

2
hog_feature 3
7
22 8 10 20
4_cells_hog
0.000000e+00 0.000000e+00 0.000000e+00
2.810003e+02 -6.178086e-01 3.617120e-01
0.000000e+00 0.000000e+00 0.000000e+00

5
hog_feature 3
26
18 4 16 32
4_cells_hog
7.300891e+02 2.214467e-01 -6.232843e-01
0.000000e+00 0.000000e+00 0.000000e+00
7.201431e+02 2.574624e-01 -8.498933e-01

2
hog_feature 3
24
24 16 8 16
4_cells_hog
0.000000e+00 0.000000e+00 0.000000e+00
5.514978e+01 3.346960e-01 -7.534661e-01
0.000000e+00 0.000000e+00 0.000000e+00

5
hog_feature 3
8
24 14 10 20
4_cells_hog
2.348590e+02 -7.129919e-01 2.520794e-01
0.000000e+00 0.000000e+00 0.000000e+00
1.377509e+02 -8.260375e-01 1.702216e-01

2
hog_feature 3
19
18 18 10 20
4_cells_hog
0.000000e+00 0.000000e+00 0.000000e+00
9.642944e+01 2.326948e-01 -8.540545e-01
0.000000e+00 0.000000e+00 0.000000e+00

5
haar_feature 1
2
16 30 11 9 0 -1
16 30 11 3 0 3
haar_y3_1
-1.557080e-03 -7.601363e-01 1.812904e-01
0.000000e+00 0.000000e+00 0.000000e+00
1.066560e-02 -6.298609e-01 4.118723e-01

2
hog_feature 3
21
16 8 10 10
4_cells_hog
0.000000e+00 0.000000e+00 0.000000e+00
1.663879e+02 -6.271458e-01 4.241851e-01
0.000000e+00 0.000000e+00 0.000000e+00

5
hog_feature 3
31
0 12 26 26
4_cells_hog
5.776572e+02 2.516964e-01 -8.295580e-01
0.000000e+00 0.000000e+00 0.000000e+00
8.016765e+02 1.140665e-01 -9.532608e-01

7
hog_feature 3
25
10 2 18 36
4_cells_hog
5.257944e+02 -9.523090e-01 1.550673e-01
4.841943e+02 -9.442137e-01 1.831014e-01
5.783702e+02 -7.221210e-01 1.566068e-01

5
hog_feature 3
1
2 0 32 16
4_cells_hog
2.282489e+02 4.419985e-01 -4.854801e-01
0.000000e+00 0.000000e+00 0.000000e+00
1.057821e+02 -8.479131e-01 1.186870e-01

4
hog_feature 3
20
14 22 20 10
4_cells_hog
0.000000e+00 0.000000e+00 0.000000e+00
0.000000e+00 0.000000e+00 0.000000e+00
1.281763e+01 5.040432e-01 -5.817111e-01

7
0 2 4 6 8 9 10 
-1.366570e+00
6
0 1 3 5 7 9 
-1.264446e+00
8
0 2 4 6 8 9 10 11 
-1.011984e+00

5
-1
