14
7
hog_feature 3
13
15 6 16 16
4_cells_hog
7.076904e+00 3.125000e-01 -3.697183e-01
4.915687e+02 -7.093023e-01 1.718750e-01
1.074988e+03 -5.159817e-01 1.604938e-01

7
hog_feature 3
35
30 15 10 10
4_cells_hog
1.742274e+02 -1.467365e-01 2.943738e-01
4.522498e+01 -7.650881e-01 3.266135e-01
1.001221e+02 6.960073e-02 -6.308608e-01

7
hog_feature 3
18
0 3 10 20
4_cells_hog
5.302527e+01 -2.166635e-01 1.061976e-01
6.244865e+01 -7.317100e-01 2.959117e-01
4.901857e+01 -4.920709e-01 2.144988e-01

7
var_feature 2
1
30 21 4 5
one_rect_var
9.702051e+02 1.179517e-01 -7.606652e-01
4.998357e+02 2.135254e-01 -9.773155e-01
4.143860e+01 -1.000000e+00 4.369326e-02

7
haar_feature 1
2
21 12 3 15 0 -1
21 17 3 5 0 3
haar_y3_0
1.546564e-02 -1.848205e-01 4.508699e-01
-2.124535e-02 8.690634e-01 -3.578480e-01
-2.621598e-02 -7.883492e-01 9.032704e-03

5
haar_feature 1
3
30 9 10 26 0 -1
30 9 5 13 0 2
35 22 5 13 0 2
haar_x2_y2
4.082549e-02 -6.028240e-02 5.111479e-01
0.000000e+00 0.000000e+00 0.000000e+00
-1.048102e-02 4.852777e-01 -3.942336e-01

5
haar_feature 1
2
30 30 9 7 0 -1
30 30 3 7 0 2
haar_x3_4
-2.697106e-02 -4.029723e-01 3.304775e-01
0.000000e+00 0.000000e+00 0.000000e+00
-6.040241e-02 -8.372049e-01 6.485477e-02

5
hog_feature 3
23
0 18 32 16
4_cells_hog
5.366052e+01 4.725995e-01 -1.122271e-01
0.000000e+00 0.000000e+00 0.000000e+00
1.452747e+02 5.367286e-01 -2.870852e-01

5
hog_feature 3
27
12 12 20 10
4_cells_hog
7.204141e+01 3.134236e-01 -3.561431e-01
0.000000e+00 0.000000e+00 0.000000e+00
3.358615e+01 -4.557982e-01 1.611648e-01

5
hog_feature 3
23
3 15 4 8
4_cells_hog
3.196785e+01 -3.058473e-01 3.418808e-01
0.000000e+00 0.000000e+00 0.000000e+00
9.307419e+01 -1.833596e-01 4.676961e-01

5
hog_feature 3
33
6 12 10 10
4_cells_hog
4.183212e+01 2.739908e-01 -3.795858e-01
0.000000e+00 0.000000e+00 0.000000e+00
1.965952e+02 1.062135e-01 -9.327542e-01

5
hog_feature 3
15
6 15 22 22
4_cells_hog
3.705397e+02 -6.295120e-01 2.029606e-01
0.000000e+00 0.000000e+00 0.000000e+00
1.180887e+02 -7.685010e-01 5.538135e-02

5
hog_feature 3
16
27 18 10 10
4_cells_hog
3.410638e+01 -5.676628e-01 1.748343e-01
0.000000e+00 0.000000e+00 0.000000e+00
1.884314e+01 3.242403e-01 -2.580763e-01

5
haar_feature 1
2
24 12 14 21 0 -1
31 12 7 21 0 2
haar_x2
-7.776760e-02 6.459581e-01 -1.037850e-01
0.000000e+00 0.000000e+00 0.000000e+00
-2.165372e-02 -8.719144e-01 1.412824e-01

14
0 1 2 3 4 5 6 7 8 9 10 11 12 13 
-1.249630e+00
5
0 1 2 3 4 
-1.322801e+00
14
0 1 2 3 4 5 6 7 8 9 10 11 12 13 
-1.322139e+00

8
-1
