63
2
hog_feature 3
11
16 18 10 10
4_cells_hog
0.000000e+00 0.000000e+00 0.000000e+00
2.714296e+02 -5.489850e-01 3.417367e-01
0.000000e+00 0.000000e+00 0.000000e+00

5
haar_feature 1
2
0 26 39 7 0 -1
13 26 13 7 0 3
haar_x3_0
1.113856e-01 -4.390564e-01 7.235890e-03
0.000000e+00 0.000000e+00 0.000000e+00
1.740118e-01 -4.720522e-01 2.967864e-01

3
haar_feature 1
2
12 12 5 10 0 -1
12 17 5 5 0 2
haar_y2
9.653469e-03 -1.279250e-01 2.458543e-01
-2.355193e-03 1.947317e-01 -5.448644e-01
0.000000e+00 0.000000e+00 0.000000e+00

4
hog_feature 3
0
14 2 18 18
4_cells_hog
0.000000e+00 0.000000e+00 0.000000e+00
0.000000e+00 0.000000e+00 0.000000e+00
3.467541e+02 -3.679340e-01 2.608364e-01

1
hog_feature 3
9
8 6 24 12
4_cells_hog
7.462638e+02 -1.841944e-01 3.609656e-01
0.000000e+00 0.000000e+00 0.000000e+00
0.000000e+00 0.000000e+00 0.000000e+00

6
hog_feature 3
19
10 16 8 16
4_cells_hog
0.000000e+00 0.000000e+00 0.000000e+00
4.054462e+01 1.935218e-01 -5.255669e-01
3.464682e+01 1.779426e-01 -2.712033e-01

1
hog_feature 3
16
2 6 22 22
4_cells_hog
1.769704e+03 -8.165321e-02 6.097736e-01
0.000000e+00 0.000000e+00 0.000000e+00
0.000000e+00 0.000000e+00 0.000000e+00

6
hog_feature 3
29
12 28 16 8
4_cells_hog
0.000000e+00 0.000000e+00 0.000000e+00
2.419867e+01 -4.376694e-01 1.697137e-01
8.746289e+01 -3.314198e-01 2.312839e-01

3
hog_feature 3
21
2 8 10 20
4_cells_hog
9.661343e+01 1.089450e-01 -2.663930e-01
3.723099e+01 2.677228e-01 -4.222010e-01
0.000000e+00 0.000000e+00 0.000000e+00

4
hog_feature 3
22
12 22 20 10
4_cells_hog
0.000000e+00 0.000000e+00 0.000000e+00
0.000000e+00 0.000000e+00 0.000000e+00
2.262408e+01 2.147203e-01 -2.746620e-01

2
hog_feature 3
25
6 10 18 18
4_cells_hog
0.000000e+00 0.000000e+00 0.000000e+00
9.804887e+01 -6.702448e-01 1.395121e-01
0.000000e+00 0.000000e+00 0.000000e+00

5
hog_feature 3
30
8 12 10 10
4_cells_hog
5.093527e+01 -1.617232e-01 1.884357e-01
0.000000e+00 0.000000e+00 0.000000e+00
1.271659e+01 -3.090300e-01 1.994203e-01

3
hog_feature 3
34
10 2 18 36
4_cells_hog
1.111811e+03 5.351548e-02 -4.467523e-01
1.870076e+02 1.899317e-01 -5.140573e-01
0.000000e+00 0.000000e+00 0.000000e+00

4
hog_feature 3
16
20 26 10 10
4_cells_hog
0.000000e+00 0.000000e+00 0.000000e+00
0.000000e+00 0.000000e+00 0.000000e+00
7.577310e+01 9.949692e-02 -5.628539e-01

2
hog_feature 3
1
2 0 20 10
4_cells_hog
0.000000e+00 0.000000e+00 0.000000e+00
3.366356e+01 2.904356e-01 -3.319477e-01
0.000000e+00 0.000000e+00 0.000000e+00

5
hog_feature 3
34
2 0 18 36
4_cells_hog
4.891117e+02 -2.746094e-01 1.670058e-01
0.000000e+00 0.000000e+00 0.000000e+00
7.997634e+02 -1.019067e-01 3.217678e-01

3
hog_feature 3
18
0 10 20 10
4_cells_hog
5.108438e+01 1.675207e-01 -1.377882e-01
8.179167e+01 -5.674893e-01 1.927211e-01
0.000000e+00 0.000000e+00 0.000000e+00

4
haar_feature 1
2
12 18 12 9 0 -1
12 21 12 3 0 3
haar_y3_0
0.000000e+00 0.000000e+00 0.000000e+00
0.000000e+00 0.000000e+00 0.000000e+00
-6.039946e-04 2.449185e-01 -2.229700e-01

1
hog_feature 3
31
22 6 6 12
4_cells_hog
1.315382e+01 1.647014e-01 -3.375618e-01
0.000000e+00 0.000000e+00 0.000000e+00
0.000000e+00 0.000000e+00 0.000000e+00

6
haar_feature 1
2
12 14 10 9 0 -1
17 14 5 9 0 2
haar_x2
0.000000e+00 0.000000e+00 0.000000e+00
2.314138e-03 1.677570e-01 -5.539259e-01
7.091325e-03 8.330338e-02 -2.968825e-01

1
hog_feature 3
1
24 10 10 10
4_cells_hog
1.547540e+02 -1.733447e-01 2.930871e-01
0.000000e+00 0.000000e+00 0.000000e+00
0.000000e+00 0.000000e+00 0.000000e+00

6
haar_feature 1
2
12 0 20 12 0 -1
12 0 20 4 0 3
haar_y3_1
0.000000e+00 0.000000e+00 0.000000e+00
-6.967697e-02 4.148404e-01 -2.321432e-01
-2.536202e-02 1.876695e-01 -1.465140e-01

1
hog_feature 3
0
16 20 18 18
4_cells_hog
4.122144e+02 1.026674e-01 -4.811106e-01
0.000000e+00 0.000000e+00 0.000000e+00
0.000000e+00 0.000000e+00 0.000000e+00

6
hog_feature 3
4
14 12 16 8
4_cells_hog
0.000000e+00 0.000000e+00 0.000000e+00
1.477593e+02 1.308140e-01 -6.206203e-01
7.071091e+00 2.284039e-01 -1.736152e-01

3
var_feature 2
1
24 30 10 10
one_rect_var
6.781873e+01 -6.495007e-01 5.592725e-02
7.044238e+01 -5.631678e-01 9.007240e-02
0.000000e+00 0.000000e+00 0.000000e+00

4
hog_feature 3
19
14 30 12 6
4_cells_hog
0.000000e+00 0.000000e+00 0.000000e+00
0.000000e+00 0.000000e+00 0.000000e+00
2.194302e+01 1.531965e-01 -3.474265e-01

1
hog_feature 3
29
14 16 24 12
4_cells_hog
3.362211e+02 6.915443e-02 -6.443614e-01
0.000000e+00 0.000000e+00 0.000000e+00
0.000000e+00 0.000000e+00 0.000000e+00

6
haar_feature 1
2
8 14 24 20 0 -1
8 24 24 10 0 2
haar_y2
0.000000e+00 0.000000e+00 0.000000e+00
9.050753e-03 -4.292400e-01 1.542094e-01
-9.294187e-02 -7.977378e-01 3.547824e-02

3
haar_feature 1
2
6 8 25 30 0 -1
6 28 25 10 0 3
haar_y3_2
2.629104e-01 2.152999e-02 -6.945251e-01
2.295278e-01 1.065981e-01 -8.288866e-01
0.000000e+00 0.000000e+00 0.000000e+00

4
hog_feature 3
16
6 0 20 10
4_cells_hog
0.000000e+00 0.000000e+00 0.000000e+00
0.000000e+00 0.000000e+00 0.000000e+00
8.426192e+01 -2.975690e-01 1.631471e-01

1
hog_feature 3
10
0 22 16 8
4_cells_hog
2.418261e+02 -1.203039e-01 3.969972e-01
0.000000e+00 0.000000e+00 0.000000e+00
0.000000e+00 0.000000e+00 0.000000e+00

6
var_feature 2
1
16 18 4 4
one_rect_var
0.000000e+00 0.000000e+00 0.000000e+00
2.454688e+01 -8.662403e-01 6.985814e-02
9.388672e+00 2.192421e-01 -1.028752e-01

1
hog_feature 3
24
16 16 16 16
4_cells_hog
3.913649e+01 -5.960500e-01 7.926970e-02
0.000000e+00 0.000000e+00 0.000000e+00
0.000000e+00 0.000000e+00 0.000000e+00

6
hog_feature 3
31
16 2 20 20
4_cells_hog
0.000000e+00 0.000000e+00 0.000000e+00
5.724220e+02 3.417846e-02 -7.429929e-01
6.120361e+01 -3.777711e-01 1.306389e-01

1
hog_feature 3
23
8 24 28 14
4_cells_hog
2.111683e+02 1.250658e-01 -3.427958e-01
0.000000e+00 0.000000e+00 0.000000e+00
0.000000e+00 0.000000e+00 0.000000e+00

6
hog_feature 3
12
2 4 14 28
4_cells_hog
0.000000e+00 0.000000e+00 0.000000e+00
1.230197e+02 -4.821272e-01 1.236317e-01
3.310912e+02 7.014910e-02 -4.860077e-01

5
haar_feature 1
2
8 34 31 6 0 -1
8 37 31 3 0 2
haar_y2
-1.314030e-02 3.181982e-01 -1.229505e-01
0.000000e+00 0.000000e+00 0.000000e+00
-8.678003e-03 1.930911e-01 -1.497919e-01

5
haar_feature 1
2
18 18 3 21 0 -1
18 25 3 7 0 3
haar_y3_0
-7.228741e-04 1.630478e-01 -2.033733e-01
0.000000e+00 0.000000e+00 0.000000e+00
3.042847e-02 -4.460640e-02 6.581065e-01

5
haar_feature 1
2
16 12 12 8 0 -1
16 12 4 8 0 2
haar_x3_4
-8.958516e-02 -3.734597e-01 7.347927e-02
0.000000e+00 0.000000e+00 0.000000e+00
-2.330041e-02 5.391696e-02 -7.446432e-01

5
hog_feature 3
1
14 6 10 20
4_cells_hog
8.570806e+01 1.595642e-01 -2.301405e-01
0.000000e+00 0.000000e+00 0.000000e+00
7.678480e+02 -5.950863e-02 4.664431e-01

5
var_feature 2
1
16 10 4 5
one_rect_var
3.271375e+01 -5.619341e-01 6.722635e-02
0.000000e+00 0.000000e+00 0.000000e+00
2.139893e+00 -9.718898e-01 2.833791e-02

5
var_feature 2
1
0 0 17 4
one_rect_var
7.585602e+02 1.292234e-01 -2.556816e-01
0.000000e+00 0.000000e+00 0.000000e+00
1.332480e+02 2.870829e-01 -9.884934e-02

5
hog_feature 3
17
0 4 26 26
4_cells_hog
1.526124e+03 -1.203537e-01 2.276390e-01
0.000000e+00 0.000000e+00 0.000000e+00
1.791024e+03 -9.585644e-02 3.880374e-01

5
var_feature 2
1
14 8 9 32
one_rect_var
4.643154e+02 2.929180e-01 -6.979444e-02
0.000000e+00 0.000000e+00 0.000000e+00
4.679326e+02 2.499795e-01 -1.957592e-01

5
hog_feature 3
10
6 4 24 24
4_cells_hog
2.028893e+03 -7.010268e-02 6.966734e-01
0.000000e+00 0.000000e+00 0.000000e+00
1.889750e+03 -4.975753e-02 4.901095e-01

5
hog_feature 3
21
2 2 36 36
4_cells_hog
1.677317e+02 -5.936335e-01 6.853377e-02
0.000000e+00 0.000000e+00 0.000000e+00
7.022501e+01 -6.784185e-01 5.490154e-02

5
hog_feature 3
16
6 2 14 28
4_cells_hog
1.874398e+03 -4.950590e-02 5.836971e-01
0.000000e+00 0.000000e+00 0.000000e+00
8.866464e+02 -9.453753e-02 5.262888e-01

5
hog_feature 3
9
18 0 16 8
4_cells_hog
1.244886e+02 1.594654e-01 -2.450135e-01
0.000000e+00 0.000000e+00 0.000000e+00
1.013062e+02 1.392105e-01 -2.235591e-01

5
hog_feature 3
1
14 2 16 8
4_cells_hog
5.334586e+01 -1.273581e-01 1.344531e-01
0.000000e+00 0.000000e+00 0.000000e+00
4.542789e+01 -3.157070e-01 1.623138e-01

5
hog_feature 3
26
20 30 12 6
4_cells_hog
6.714038e+01 9.823071e-02 -3.140178e-01
0.000000e+00 0.000000e+00 0.000000e+00
6.324570e+00 1.804551e-01 -1.820581e-01

5
var_feature 2
1
2 24 13 4
one_rect_var
3.862946e+03 2.347123e-02 -5.362251e-01
0.000000e+00 0.000000e+00 0.000000e+00
3.919446e+01 -8.421718e-01 5.980496e-02

5
hog_feature 3
32
4 16 18 18
4_cells_hog
2.996080e+02 -8.367449e-02 2.215353e-01
0.000000e+00 0.000000e+00 0.000000e+00
1.165965e+02 1.049418e-01 -4.289356e-01

5
hog_feature 3
35
18 10 8 16
4_cells_hog
9.081384e+01 1.164474e-01 -1.494625e-01
0.000000e+00 0.000000e+00 0.000000e+00
2.517078e+01 -3.826562e-01 1.062901e-01

5
var_feature 2
1
2 2 38 10
one_rect_var
5.141653e+03 2.016796e-02 -9.716838e-01
0.000000e+00 0.000000e+00 0.000000e+00
1.175233e+02 8.686132e-01 -5.178047e-02

5
haar_feature 1
2
12 6 12 10 0 -1
16 6 4 10 0 3
haar_x3_0
-1.202855e-02 1.615526e-01 -8.750679e-02
0.000000e+00 0.000000e+00 0.000000e+00
-3.211839e-02 -7.497399e-01 7.476164e-02

5
haar_feature 1
2
10 36 27 4 0 -1
19 36 9 4 0 3
haar_x3_0
-5.574543e-03 2.071957e-01 -1.758714e-01
0.000000e+00 0.000000e+00 0.000000e+00
8.641860e-02 -3.089997e-02 9.146264e-01

5
hog_feature 3
2
16 16 20 10
4_cells_hog
3.823195e+01 -3.074673e-01 8.656442e-02
0.000000e+00 0.000000e+00 0.000000e+00
1.992360e+01 -4.081471e-01 8.973932e-02

5
hog_feature 3
20
16 0 14 14
4_cells_hog
8.127557e+01 1.338983e-01 -2.971022e-01
0.000000e+00 0.000000e+00 0.000000e+00
5.199051e+01 1.612904e-01 -1.447217e-01

1
hog_feature 3
10
12 0 24 24
4_cells_hog
1.435554e+02 -3.991285e-01 1.103084e-01
0.000000e+00 0.000000e+00 0.000000e+00
0.000000e+00 0.000000e+00 0.000000e+00

1
hog_feature 3
30
8 28 8 8
4_cells_hog
2.236267e+00 2.153498e-01 -2.119378e-01
0.000000e+00 0.000000e+00 0.000000e+00
0.000000e+00 0.000000e+00 0.000000e+00

1
hog_feature 3
33
8 12 14 14
4_cells_hog
9.817865e+01 -3.132911e-01 1.374945e-01
0.000000e+00 0.000000e+00 0.000000e+00
0.000000e+00 0.000000e+00 0.000000e+00

1
var_feature 2
1
16 22 8 12
one_rect_var
3.275220e+01 8.233752e-01 -5.243738e-02
0.000000e+00 0.000000e+00 0.000000e+00
0.000000e+00 0.000000e+00 0.000000e+00

1
hog_feature 3
32
14 2 16 16
4_cells_hog
6.737659e+01 1.668408e-01 -2.615640e-01
0.000000e+00 0.000000e+00 0.000000e+00
0.000000e+00 0.000000e+00 0.000000e+00

45
1 2 4 6 8 11 12 15 16 18 20 22 24 26 28 30 32 34 36 37 38 39 40 41 42 43 44 45 46 47 48 49 50 51 52 53 54 55 56 57 58 59 60 61 62 
-1.604016e+00
18
0 2 5 7 8 10 12 14 16 19 21 23 24 27 28 31 33 35 
-1.741769e+00
40
1 3 5 7 9 11 13 15 17 19 21 23 25 27 29 31 33 35 36 37 38 39 40 41 42 43 44 45 46 47 48 49 50 51 52 53 54 55 56 57 
-1.743842e+00

8
-1
