25
1
hog_feature 3
25
12 0 18 36
4_cells_hog
4.961969e+02 -7.129987e-01 7.573633e-02
0.000000e+00 0.000000e+00 0.000000e+00
0.000000e+00 0.000000e+00 0.000000e+00

6
haar_feature 1
2
10 18 18 21 0 -1
10 25 18 7 0 3
haar_y3_0
0.000000e+00 0.000000e+00 0.000000e+00
4.493489e-02 -7.751052e-01 2.194381e-01
3.459047e-02 -6.303502e-01 3.203463e-01

1
hog_feature 3
27
4 0 28 14
4_cells_hog
8.152472e+02 -3.646532e-01 4.525418e-01
0.000000e+00 0.000000e+00 0.000000e+00
0.000000e+00 0.000000e+00 0.000000e+00

6
hog_feature 3
28
16 0 18 36
4_cells_hog
0.000000e+00 0.000000e+00 0.000000e+00
6.125294e+02 -4.259089e-01 3.513635e-01
3.106411e+02 -7.548730e-01 2.671425e-01

2
haar_feature 1
2
6 20 14 5 0 -1
13 20 7 5 0 2
haar_x2
0.000000e+00 0.000000e+00 0.000000e+00
-5.825384e-03 3.716539e-01 -6.667504e-01
0.000000e+00 0.000000e+00 0.000000e+00

5
hog_feature 3
35
0 18 14 14
4_cells_hog
5.249420e+01 -4.785978e-01 1.378323e-01
0.000000e+00 0.000000e+00 0.000000e+00
1.738367e+02 -4.741191e-01 3.366812e-01

2
hog_feature 3
34
14 8 14 28
4_cells_hog
0.000000e+00 0.000000e+00 0.000000e+00
9.601489e+01 3.718272e-01 -6.172685e-01
0.000000e+00 0.000000e+00 0.000000e+00

5
hog_feature 3
13
0 8 28 14
4_cells_hog
1.416031e+02 2.431069e-01 -4.039287e-01
0.000000e+00 0.000000e+00 0.000000e+00
3.085585e+02 1.523799e-01 -8.154604e-01

7
var_feature 2
1
16 4 4 10
one_rect_var
8.703528e+01 -6.892341e-01 1.656292e-01
7.587402e+01 -8.920891e-01 1.980866e-01
1.743433e+01 -8.448090e-01 7.481440e-02

2
hog_feature 3
8
2 18 16 16
4_cells_hog
0.000000e+00 0.000000e+00 0.000000e+00
2.702926e+02 -5.399678e-01 3.628860e-01
0.000000e+00 0.000000e+00 0.000000e+00

5
hog_feature 3
27
6 2 18 36
4_cells_hog
9.861655e+02 1.331357e-01 -7.212564e-01
0.000000e+00 0.000000e+00 0.000000e+00
4.247017e+02 1.822028e-01 -3.980496e-01

1
haar_feature 1
2
16 0 10 24 0 -1
16 0 10 8 0 3
haar_y3_1
-2.166282e-02 3.551881e-01 -3.862462e-01
0.000000e+00 0.000000e+00 0.000000e+00
0.000000e+00 0.000000e+00 0.000000e+00

6
haar_feature 1
2
10 0 22 12 0 -1
10 0 22 4 0 3
haar_y3_1
0.000000e+00 0.000000e+00 0.000000e+00
-7.434407e-02 6.262049e-01 -2.633776e-01
-3.540992e-02 4.597182e-01 -2.255123e-01

2
hog_feature 3
29
2 12 10 20
4_cells_hog
0.000000e+00 0.000000e+00 0.000000e+00
5.407809e+01 3.754066e-01 -6.300519e-01
0.000000e+00 0.000000e+00 0.000000e+00

5
hog_feature 3
8
18 0 14 28
4_cells_hog
2.132987e+02 -5.203133e-01 1.791065e-01
0.000000e+00 0.000000e+00 0.000000e+00
2.396493e+02 -4.062365e-01 3.152980e-01

5
hog_feature 3
23
16 10 10 20
4_cells_hog
2.092653e+01 -6.452046e-01 7.793846e-02
0.000000e+00 0.000000e+00 0.000000e+00
3.565585e+01 2.328746e-01 -5.193644e-01

5
hog_feature 3
28
16 2 16 16
4_cells_hog
5.142401e+02 -1.870919e-01 5.646586e-01
0.000000e+00 0.000000e+00 0.000000e+00
1.708882e+02 -2.885414e-01 2.546358e-01

5
hog_feature 3
14
8 6 16 16
4_cells_hog
8.455490e+01 2.319026e-01 -3.517342e-01
0.000000e+00 0.000000e+00 0.000000e+00
5.289186e+01 2.079738e-01 -3.595296e-01

5
hog_feature 3
13
4 0 24 12
4_cells_hog
3.724929e+01 -3.309784e-01 1.079718e-01
0.000000e+00 0.000000e+00 0.000000e+00
4.929156e+01 -5.891070e-01 2.342464e-01

5
hog_feature 3
7
10 4 26 26
4_cells_hog
1.328085e+03 -1.483175e-01 5.051011e-01
0.000000e+00 0.000000e+00 0.000000e+00
1.217009e+03 -1.478312e-01 6.596941e-01

5
var_feature 2
1
2 0 38 14
one_rect_var
2.125659e+03 2.161960e-01 -4.504660e-01
0.000000e+00 0.000000e+00 0.000000e+00
2.827201e+03 1.219231e-01 -4.774336e-01

1
hog_feature 3
22
16 24 14 14
4_cells_hog
1.850848e+02 1.335826e-01 -6.681287e-01
0.000000e+00 0.000000e+00 0.000000e+00
0.000000e+00 0.000000e+00 0.000000e+00

1
haar_feature 1
2
6 28 29 12 0 -1
6 32 29 4 0 2
haar_y3_3
-2.107613e-01 -4.845391e-01 2.005957e-01
0.000000e+00 0.000000e+00 0.000000e+00
0.000000e+00 0.000000e+00 0.000000e+00

1
hog_feature 3
5
18 18 14 14
4_cells_hog
2.507159e+01 -5.986478e-01 1.207975e-01
0.000000e+00 0.000000e+00 0.000000e+00
0.000000e+00 0.000000e+00 0.000000e+00

1
var_feature 2
1
20 4 7 6
one_rect_var
6.865430e+01 -7.762782e-01 8.392478e-02
0.000000e+00 0.000000e+00 0.000000e+00
0.000000e+00 0.000000e+00 0.000000e+00

18
0 2 5 7 8 10 11 14 15 16 17 18 19 20 21 22 23 24 
-1.759512e+00
8
1 3 4 6 8 9 12 13 
-1.825303e+00
14
1 3 5 7 8 10 12 14 15 16 17 18 19 20 
-1.859172e+00

2
-1
