9
2
hog_feature 3
12
10 14 10 10
4_cells_hog
0.000000e+00 0.000000e+00 0.000000e+00
1.329731e+02 -9.028340e-01 1.467577e-01
0.000000e+00 0.000000e+00 0.000000e+00

5
hog_feature 3
31
6 16 20 20
4_cells_hog
2.471341e+02 6.909091e-02 -7.509434e-01
0.000000e+00 0.000000e+00 0.000000e+00
2.067886e+02 2.044610e-01 -8.671587e-01

7
hog_feature 3
25
12 6 16 32
4_cells_hog
6.637728e+02 -6.324345e-01 3.420434e-01
7.724977e+02 -6.540493e-01 2.756242e-01
9.585931e+02 -5.068398e-01 4.865117e-01

3
hog_feature 3
13
18 6 8 16
4_cells_hog
7.536755e+01 3.131202e-01 -8.683018e-01
5.538757e+01 4.710667e-01 -5.824376e-01
0.000000e+00 0.000000e+00 0.000000e+00

4
hog_feature 3
18
16 18 18 18
4_cells_hog
0.000000e+00 0.000000e+00 0.000000e+00
0.000000e+00 0.000000e+00 0.000000e+00
1.726639e+02 4.412285e-01 -8.406755e-01

2
hog_feature 3
23
24 14 10 20
4_cells_hog
0.000000e+00 0.000000e+00 0.000000e+00
7.985474e+01 4.599111e-01 -7.357109e-01
0.000000e+00 0.000000e+00 0.000000e+00

5
hog_feature 3
6
16 20 12 12
4_cells_hog
1.585957e+02 -5.892211e-01 5.040330e-01
0.000000e+00 0.000000e+00 0.000000e+00
7.690266e+01 -5.738151e-01 1.905816e-01

1
var_feature 2
1
14 30 12 4
one_rect_var
6.020591e+02 5.306990e-01 -6.011595e-01
0.000000e+00 0.000000e+00 0.000000e+00
0.000000e+00 0.000000e+00 0.000000e+00

1
hog_feature 3
7
22 2 10 20
4_cells_hog
1.467502e+02 -8.065039e-01 3.397015e-01
0.000000e+00 0.000000e+00 0.000000e+00
0.000000e+00 0.000000e+00 0.000000e+00

6
1 2 3 6 7 8 
-1.150466e+00
4
0 2 3 5 
-8.957666e-01
4
1 2 4 6 
-1.506585e+00

2
-1
