7
3
haar_feature 1
2
22 16 3 24 0 -1
22 16 3 8 0 3
haar_y3_1
3.550200e-02 9.895288e-01 -1.000000e+00
-3.062616e-02 -1.000000e+00 7.674419e-01
0.000000e+00 0.000000e+00 0.000000e+00

4
hog_feature 3
28
2 10 28 28
4_cells_hog
0.000000e+00 0.000000e+00 0.000000e+00
0.000000e+00 0.000000e+00 0.000000e+00
4.155184e+02 -1.000000e+00 9.289340e-01

6
hog_feature 3
18
16 16 10 10
4_cells_hog
0.000000e+00 0.000000e+00 0.000000e+00
6.979407e+01 -3.881836e-01 7.085713e-01
5.387845e+02 7.091696e-01 -9.011384e-01

6
hog_feature 3
24
0 16 32 16
4_cells_hog
0.000000e+00 0.000000e+00 0.000000e+00
1.301931e+03 2.424776e-01 -8.512090e-01
2.312174e+02 -7.603478e-01 9.007593e-01

2
haar_feature 1
3
14 16 8 16 0 -1
14 16 4 8 0 2
18 24 4 8 0 2
haar_x2_y2
0.000000e+00 0.000000e+00 0.000000e+00
-4.066893e-03 -8.075490e-01 3.772646e-01
0.000000e+00 0.000000e+00 0.000000e+00

2
hog_feature 3
16
22 4 14 28
4_cells_hog
0.000000e+00 0.000000e+00 0.000000e+00
2.429600e+02 5.169031e-01 -6.706401e-01
0.000000e+00 0.000000e+00 0.000000e+00

2
var_feature 2
1
16 14 8 4
one_rect_var
0.000000e+00 0.000000e+00 0.000000e+00
1.005334e+03 4.634687e-01 -8.089507e-01
0.000000e+00 0.000000e+00 0.000000e+00

1
0 
9.895288e-01
6
0 2 3 4 5 6 
6.161646e-01
3
1 2 3 
8.777558e-01

16
-1
