18
3
var_feature 2
1
14 4 6 19
one_rect_var
7.764343e+01 -1.000000e+00 9.288538e-01
1.103130e+02 -1.000000e+00 9.737639e-01
0.000000e+00 0.000000e+00 0.000000e+00

4
hog_feature 3
13
4 0 16 32
4_cells_hog
0.000000e+00 0.000000e+00 0.000000e+00
0.000000e+00 0.000000e+00 0.000000e+00
1.581909e+03 9.656218e-01 -1.000000e+00

1
haar_feature 1
2
6 12 24 5 0 -1
14 12 8 5 0 3
haar_x3_0
-1.930679e-02 -1.256241e-02 7.745087e-01
0.000000e+00 0.000000e+00 0.000000e+00
0.000000e+00 0.000000e+00 0.000000e+00

6
haar_feature 1
2
18 14 4 24 0 -1
18 14 4 8 0 3
haar_y3_1
0.000000e+00 0.000000e+00 0.000000e+00
1.606124e-02 8.978361e-01 -5.639518e-01
3.192289e-02 8.343947e-01 -2.258836e-01

1
var_feature 2
1
14 34 15 6
one_rect_var
9.110757e+02 -1.016827e-01 9.463412e-01
0.000000e+00 0.000000e+00 0.000000e+00
0.000000e+00 0.000000e+00 0.000000e+00

6
var_feature 2
1
0 26 17 6
one_rect_var
0.000000e+00 0.000000e+00 0.000000e+00
1.133481e+02 -8.025143e-01 7.448916e-01
1.039557e+03 -7.575203e-02 8.705978e-01

3
hog_feature 3
9
4 18 10 20
4_cells_hog
1.628141e+02 -2.050530e-01 3.935618e-01
2.132379e+02 6.920851e-01 -7.903904e-01
0.000000e+00 0.000000e+00 0.000000e+00

4
hog_feature 3
26
18 2 10 10
4_cells_hog
0.000000e+00 0.000000e+00 0.000000e+00
0.000000e+00 0.000000e+00 0.000000e+00
1.385017e+01 -6.860065e-01 6.307976e-01

3
haar_feature 1
2
14 20 20 3 0 -1
24 20 10 3 0 2
haar_x2
-1.479079e-02 7.938312e-01 -1.978773e-01
1.155541e-02 -4.158612e-01 8.705619e-01
0.000000e+00 0.000000e+00 0.000000e+00

4
hog_feature 3
30
22 6 6 6
4_cells_hog
0.000000e+00 0.000000e+00 0.000000e+00
0.000000e+00 0.000000e+00 0.000000e+00
5.385181e+00 7.517113e-01 -5.566576e-01

5
hog_feature 3
4
10 26 16 8
4_cells_hog
8.621776e+01 2.672245e-01 -4.055990e-01
0.000000e+00 0.000000e+00 0.000000e+00
3.809436e+01 4.694900e-01 -7.502376e-01

5
hog_feature 3
7
10 2 18 18
4_cells_hog
4.274969e+02 -2.685804e-01 7.363861e-01
0.000000e+00 0.000000e+00 0.000000e+00
9.469715e+01 -4.225450e-01 3.571875e-01

5
hog_feature 3
8
4 2 16 8
4_cells_hog
3.403973e+01 6.351342e-01 -2.965281e-01
0.000000e+00 0.000000e+00 0.000000e+00
1.406734e+01 7.596598e-01 -2.226954e-01

5
hog_feature 3
23
0 30 16 8
4_cells_hog
1.270103e+01 7.145038e-01 -2.186764e-01
0.000000e+00 0.000000e+00 0.000000e+00
1.192027e+01 8.499563e-01 -1.935556e-01

5
hog_feature 3
21
16 30 12 6
4_cells_hog
7.475403e+00 5.652840e-01 -2.596980e-01
0.000000e+00 0.000000e+00 0.000000e+00
7.146277e+01 -1.946605e-01 1.000001e+00

1
hog_feature 3
10
26 14 6 6
4_cells_hog
4.362915e+01 -1.967034e-01 1.000003e+00
0.000000e+00 0.000000e+00 0.000000e+00
0.000000e+00 0.000000e+00 0.000000e+00

1
haar_feature 1
2
2 14 4 18 0 -1
2 14 4 6 0 3
haar_y3_1
-1.647297e-03 -3.158378e-01 6.047047e-01
0.000000e+00 0.000000e+00 0.000000e+00
0.000000e+00 0.000000e+00 0.000000e+00

1
hog_feature 3
1
12 16 12 6
4_cells_hog
5.750345e+01 -2.448507e-01 7.784486e-01
0.000000e+00 0.000000e+00 0.000000e+00
0.000000e+00 0.000000e+00 0.000000e+00

13
0 2 4 6 8 10 11 12 13 14 15 16 17 
2.637140e-01
5
0 3 5 6 8 
1.234875e+00
10
1 3 5 7 9 10 11 12 13 14 
7.944427e-01

19
-1
