12
3
hog_feature 3
0
26 26 10 10
4_cells_hog
2.620278e+02 -6.041667e-01 3.333333e-01
1.259506e+02 -7.482993e-01 1.626016e-01
0.000000e+00 0.000000e+00 0.000000e+00

4
haar_feature 1
2
14 28 21 5 0 -1
21 28 7 5 0 3
haar_x3_0
0.000000e+00 0.000000e+00 0.000000e+00
0.000000e+00 0.000000e+00 0.000000e+00
2.309052e-02 -7.035040e-01 4.792899e-01

3
hog_feature 3
20
14 8 6 12
4_cells_hog
4.315656e+01 -5.012587e-01 2.666195e-01
6.195404e+01 -7.684491e-01 3.774289e-01
0.000000e+00 0.000000e+00 0.000000e+00

4
hog_feature 3
31
2 2 14 28
4_cells_hog
0.000000e+00 0.000000e+00 0.000000e+00
0.000000e+00 0.000000e+00 0.000000e+00
2.369737e+02 3.656318e-01 -7.818463e-01

3
hog_feature 3
15
18 0 18 36
4_cells_hog
3.915184e+02 4.772079e-01 -5.993235e-01
6.437356e+02 1.525509e-01 -6.084815e-01
0.000000e+00 0.000000e+00 0.000000e+00

4
hog_feature 3
0
22 12 10 20
4_cells_hog
0.000000e+00 0.000000e+00 0.000000e+00
0.000000e+00 0.000000e+00 0.000000e+00
2.079082e+02 -7.990404e-01 3.846454e-01

3
hog_feature 3
24
20 12 10 10
4_cells_hog
2.294324e+01 -9.577051e-01 2.398384e-01
1.458164e+02 -4.359672e-01 4.974823e-01
0.000000e+00 0.000000e+00 0.000000e+00

4
hog_feature 3
30
12 16 10 20
4_cells_hog
0.000000e+00 0.000000e+00 0.000000e+00
0.000000e+00 0.000000e+00 0.000000e+00
3.672189e+01 4.189732e-01 -6.317076e-01

1
haar_feature 1
2
14 16 9 18 0 -1
14 22 9 6 0 3
haar_y3_0
-6.419301e-03 3.289829e-01 -7.667227e-01
0.000000e+00 0.000000e+00 0.000000e+00
0.000000e+00 0.000000e+00 0.000000e+00

6
hog_feature 3
27
16 22 8 16
4_cells_hog
0.000000e+00 0.000000e+00 0.000000e+00
4.850281e+01 4.012663e-01 -7.225379e-01
3.162140e+00 4.417802e-01 -2.831376e-01

3
hog_feature 3
8
18 4 14 14
4_cells_hog
5.860623e+02 -3.659866e-01 3.982039e-01
6.962545e+02 -4.472081e-01 6.931271e-01
0.000000e+00 0.000000e+00 0.000000e+00

2
hog_feature 3
24
14 10 10 20
4_cells_hog
0.000000e+00 0.000000e+00 0.000000e+00
1.933731e+02 -6.623573e-01 4.579445e-01
0.000000e+00 0.000000e+00 0.000000e+00

6
0 2 4 6 8 10 
-1.065551e+00
7
0 2 4 6 9 10 11 
-1.388162e+00
5
1 3 5 7 9 
-1.290632e+00

3
-1
