13
1
hog_feature 3
3
6 8 14 14
4_cells_hog
3.644778e+02 -6.077586e-01 5.714286e-01
0.000000e+00 0.000000e+00 0.000000e+00
0.000000e+00 0.000000e+00 0.000000e+00

6
hog_feature 3
15
22 0 12 24
4_cells_hog
0.000000e+00 0.000000e+00 0.000000e+00
1.530854e+02 -6.666667e-02 -7.230769e-01
3.421323e+01 3.714286e-01 -5.822222e-01

3
hog_feature 3
18
16 24 20 10
4_cells_hog
9.572192e+01 3.089954e-01 -5.643047e-01
1.632762e+02 2.528309e-01 -7.208171e-01
0.000000e+00 0.000000e+00 0.000000e+00

4
hog_feature 3
2
28 14 10 20
4_cells_hog
0.000000e+00 0.000000e+00 0.000000e+00
0.000000e+00 0.000000e+00 0.000000e+00
3.791063e+02 -5.864244e-01 4.672624e-01

1
hog_feature 3
27
6 4 32 16
4_cells_hog
1.017744e+03 -5.076208e-01 5.799774e-01
0.000000e+00 0.000000e+00 0.000000e+00
0.000000e+00 0.000000e+00 0.000000e+00

6
hog_feature 3
25
4 18 20 20
4_cells_hog
0.000000e+00 0.000000e+00 0.000000e+00
2.921093e+02 -7.673899e-01 2.603255e-01
3.294844e+02 -6.732951e-01 2.322785e-01

3
hog_feature 3
28
18 6 14 28
4_cells_hog
3.960192e+02 -9.323461e-01 2.136076e-01
5.645649e+02 -6.452667e-01 3.416132e-01
0.000000e+00 0.000000e+00 0.000000e+00

4
hog_feature 3
26
18 0 6 6
4_cells_hog
0.000000e+00 0.000000e+00 0.000000e+00
0.000000e+00 0.000000e+00 0.000000e+00
2.517936e+01 -6.150073e-01 3.916912e-01

1
haar_feature 1
3
8 14 24 8 0 -1
8 14 12 4 0 2
20 18 12 4 0 2
haar_x2_y2
6.941702e-03 -7.577503e-01 3.997739e-01
0.000000e+00 0.000000e+00 0.000000e+00
0.000000e+00 0.000000e+00 0.000000e+00

6
var_feature 2
1
12 14 10 26
one_rect_var
0.000000e+00 0.000000e+00 0.000000e+00
1.852677e+03 2.417867e-01 -8.840894e-01
2.632696e+03 1.844352e-01 -9.122238e-01

3
hog_feature 3
25
12 12 8 8
4_cells_hog
4.595862e+01 -4.249609e-01 2.907413e-01
5.230115e+01 -6.163053e-01 4.354589e-01
0.000000e+00 0.000000e+00 0.000000e+00

4
hog_feature 3
30
4 10 10 10
4_cells_hog
0.000000e+00 0.000000e+00 0.000000e+00
0.000000e+00 0.000000e+00 0.000000e+00
1.702810e+02 -4.546644e-01 6.252074e-01

3
hog_feature 3
35
10 24 16 8
4_cells_hog
2.303885e+01 5.541618e-01 -5.528728e-01
7.164478e+01 2.427427e-01 -6.296210e-01
0.000000e+00 0.000000e+00 0.000000e+00

7
0 2 4 6 8 10 12 
-1.398360e+00
7
1 2 5 6 9 10 12 
-1.358268e+00
6
1 3 5 7 9 11 
-1.647306e+00

5
-1
