14
7
hog_feature 3
23
9 6 22 22
4_cells_hog
2.613437e+02 -8.913044e-01 -2.322835e-01
9.675369e+02 -7.900875e-01 2.762646e-01
3.415838e+02 -7.547170e-01 -2.429150e-01

7
hog_feature 3
17
18 15 22 22
4_cells_hog
1.941896e+02 -5.806288e-01 9.463510e-02
3.553853e+02 -6.515034e-01 3.593191e-01
5.238939e+02 1.022673e-01 -7.410837e-01

7
haar_feature 1
2
12 12 27 13 0 -1
12 12 9 13 0 3
haar_x3_1
3.457648e-02 1.627591e-01 -6.689939e-01
1.440424e-02 1.471791e-01 -8.734586e-01
-1.297311e-02 2.689686e-01 -3.765397e-01

7
hog_feature 3
3
3 12 32 16
4_cells_hog
6.244691e+02 -3.623266e-01 2.954530e-01
5.062200e+02 -9.022457e-01 2.376007e-01
4.865774e+02 -4.719333e-01 1.721050e-01

7
hog_feature 3
26
6 6 32 16
4_cells_hog
4.684971e+02 1.100840e-01 -4.176497e-01
3.972560e+02 2.183045e-01 -9.129423e-01
1.636644e+02 2.199489e-01 -5.746354e-01

5
hog_feature 3
0
0 12 10 20
4_cells_hog
1.799821e+01 -5.428701e-01 1.366515e-01
0.000000e+00 0.000000e+00 0.000000e+00
1.079296e+02 -4.392450e-01 4.210268e-01

5
hog_feature 3
29
24 9 16 16
4_cells_hog
1.601960e+02 1.694020e-01 -6.727406e-01
0.000000e+00 0.000000e+00 0.000000e+00
3.605509e+02 -2.417037e-01 4.543365e-01

5
hog_feature 3
23
9 15 22 22
4_cells_hog
2.146152e+02 2.272125e-01 -1.958855e-01
0.000000e+00 0.000000e+00 0.000000e+00
1.606793e+02 6.363268e-01 -2.521546e-01

5
haar_feature 1
2
30 33 9 5 0 -1
30 33 3 5 0 2
haar_x3_4
-1.859179e-02 -3.050454e-01 2.747516e-01
0.000000e+00 0.000000e+00 0.000000e+00
-1.696379e-02 -3.199904e-01 4.156181e-01

5
hog_feature 3
31
21 0 10 20
4_cells_hog
8.482825e+01 -7.974500e-01 1.898891e-01
0.000000e+00 0.000000e+00 0.000000e+00
1.362218e+02 -6.804503e-01 7.876690e-02

5
haar_feature 1
2
6 24 22 3 0 -1
17 24 11 3 0 2
haar_x2
-7.673302e-03 4.598574e-01 -3.873246e-01
0.000000e+00 0.000000e+00 0.000000e+00
-1.213603e-02 3.687863e-01 -1.360250e-01

5
var_feature 2
1
30 24 4 4
one_rect_var
1.081232e+03 1.392167e-01 -9.075326e-01
0.000000e+00 0.000000e+00 0.000000e+00
1.362000e+03 1.049395e-01 -8.714101e-01

4
hog_feature 3
11
24 24 16 16
4_cells_hog
0.000000e+00 0.000000e+00 0.000000e+00
0.000000e+00 0.000000e+00 0.000000e+00
2.408282e+02 -4.689887e-01 4.174569e-01

4
haar_feature 1
2
12 12 23 9 0 -1
12 15 23 3 0 3
haar_y3_0
0.000000e+00 0.000000e+00 0.000000e+00
0.000000e+00 0.000000e+00 0.000000e+00
-2.438579e-02 4.422383e-01 -3.639359e-01

12
0 1 2 3 4 5 6 7 8 9 10 11 
-1.161340e+00
5
0 1 2 3 4 
-9.675304e-01
14
0 1 2 3 4 5 6 7 8 9 10 11 12 13 
-1.560017e+00

6
-1
