32
2
hog_feature 3
29
10 10 16 16
4_cells_hog
0.000000e+00 0.000000e+00 0.000000e+00
3.537918e+02 -6.785178e-01 3.601610e-01
0.000000e+00 0.000000e+00 0.000000e+00

5
haar_feature 1
2
2 18 21 18 0 -1
2 18 7 18 0 3
haar_x3_1
-1.230088e-01 1.144860e-01 -5.128806e-01
0.000000e+00 0.000000e+00 0.000000e+00
-1.787010e-01 3.659218e-01 -5.536972e-01

3
hog_feature 3
12
24 10 14 28
4_cells_hog
2.690461e+02 1.022080e-01 -4.719991e-01
1.113210e+02 3.708159e-01 -5.010656e-01
0.000000e+00 0.000000e+00 0.000000e+00

4
hog_feature 3
20
22 22 14 14
4_cells_hog
0.000000e+00 0.000000e+00 0.000000e+00
0.000000e+00 0.000000e+00 0.000000e+00
1.498665e+02 -4.776904e-01 4.042237e-01

2
haar_feature 1
2
10 20 18 15 0 -1
10 25 18 5 0 3
haar_y3_0
0.000000e+00 0.000000e+00 0.000000e+00
2.664868e-02 -5.139099e-01 4.494384e-01
0.000000e+00 0.000000e+00 0.000000e+00

5
hog_feature 3
35
12 6 10 10
4_cells_hog
1.407787e+02 -3.538329e-01 3.709895e-01
0.000000e+00 0.000000e+00 0.000000e+00
1.315712e+01 -5.362130e-01 1.057503e-01

3
hog_feature 3
33
12 4 14 28
4_cells_hog
9.654193e+01 -5.788788e-01 1.429283e-01
1.667460e+02 2.223139e-01 -5.905873e-01
0.000000e+00 0.000000e+00 0.000000e+00

4
var_feature 2
1
14 20 9 4
one_rect_var
0.000000e+00 0.000000e+00 0.000000e+00
0.000000e+00 0.000000e+00 0.000000e+00
1.078779e+02 3.753437e-01 -4.293626e-01

2
hog_feature 3
17
24 8 12 24
4_cells_hog
0.000000e+00 0.000000e+00 0.000000e+00
9.664024e+01 -8.055009e-01 2.705986e-01
0.000000e+00 0.000000e+00 0.000000e+00

5
hog_feature 3
19
22 12 12 6
4_cells_hog
8.916565e+01 -2.633038e-01 3.775832e-01
0.000000e+00 0.000000e+00 0.000000e+00
8.925436e+01 -2.166129e-01 4.484663e-01

2
hog_feature 3
29
2 18 10 10
4_cells_hog
0.000000e+00 0.000000e+00 0.000000e+00
1.804689e+01 2.772041e-01 -6.196930e-01
0.000000e+00 0.000000e+00 0.000000e+00

5
hog_feature 3
34
8 16 10 20
4_cells_hog
3.898405e+02 -1.180495e-01 5.831440e-01
0.000000e+00 0.000000e+00 0.000000e+00
3.905934e+02 -1.455224e-01 7.627672e-01

2
hog_feature 3
25
4 8 22 22
4_cells_hog
0.000000e+00 0.000000e+00 0.000000e+00
2.808709e+02 -5.605510e-01 3.450042e-01
0.000000e+00 0.000000e+00 0.000000e+00

5
hog_feature 3
35
8 18 18 18
4_cells_hog
3.750601e+02 1.795831e-01 -4.612727e-01
0.000000e+00 0.000000e+00 0.000000e+00
3.539143e+02 1.776828e-01 -7.127152e-01

2
hog_feature 3
6
0 0 28 14
4_cells_hog
0.000000e+00 0.000000e+00 0.000000e+00
1.275647e+02 3.573561e-01 -5.593016e-01
0.000000e+00 0.000000e+00 0.000000e+00

5
hog_feature 3
14
0 4 34 34
4_cells_hog
7.666355e+02 1.893747e-01 -5.563200e-01
0.000000e+00 0.000000e+00 0.000000e+00
8.211871e+02 1.068735e-01 -5.763189e-01

1
hog_feature 3
22
8 16 20 20
4_cells_hog
2.472604e+02 2.032021e-01 -4.589970e-01
0.000000e+00 0.000000e+00 0.000000e+00
0.000000e+00 0.000000e+00 0.000000e+00

6
var_feature 2
1
10 8 5 7
one_rect_var
0.000000e+00 0.000000e+00 0.000000e+00
4.857593e+01 -9.444876e-01 1.428004e-01
2.763574e+02 -3.745470e-01 2.815784e-01

5
hog_feature 3
3
12 26 20 10
4_cells_hog
5.099039e+00 -3.520539e-01 2.319885e-02
0.000000e+00 0.000000e+00 0.000000e+00
2.365680e+01 3.653570e-01 -3.828267e-01

5
hog_feature 3
1
20 12 18 18
4_cells_hog
6.342233e+01 -4.856794e-01 8.775769e-02
0.000000e+00 0.000000e+00 0.000000e+00
3.638934e+01 -9.094684e-01 1.312030e-01

5
hog_feature 3
7
10 4 28 28
4_cells_hog
2.401755e+03 -1.087818e-01 7.848956e-01
0.000000e+00 0.000000e+00 0.000000e+00
2.107293e+03 -1.095886e-01 7.593894e-01

5
hog_feature 3
8
8 24 28 14
4_cells_hog
1.162916e+02 -7.573038e-01 1.235326e-01
0.000000e+00 0.000000e+00 0.000000e+00
3.352466e+01 -8.318135e-01 6.649120e-02

5
hog_feature 3
24
0 26 12 12
4_cells_hog
2.163330e+01 3.115346e-01 -2.919147e-01
0.000000e+00 0.000000e+00 0.000000e+00
1.428217e+01 2.554022e-01 -1.862364e-01

5
haar_feature 1
2
22 22 9 18 0 -1
22 34 9 6 0 3
haar_y3_2
-1.980044e-02 2.588373e-01 -2.149300e-01
0.000000e+00 0.000000e+00 0.000000e+00
-4.174357e-02 3.588171e-01 -2.120052e-01

5
hog_feature 3
5
10 10 26 26
4_cells_hog
6.714316e+01 -7.203355e-01 6.124593e-02
0.000000e+00 0.000000e+00 0.000000e+00
3.718619e+02 1.659448e-01 -6.113238e-01

5
haar_feature 1
2
12 10 15 8 0 -1
12 10 5 8 0 2
haar_x3_4
-3.129107e-02 6.333236e-02 -5.786739e-01
0.000000e+00 0.000000e+00 0.000000e+00
-1.022600e-01 -6.135790e-01 1.528525e-01

1
hog_feature 3
13
8 6 20 20
4_cells_hog
6.485321e+01 3.747228e-01 -2.592868e-01
0.000000e+00 0.000000e+00 0.000000e+00
0.000000e+00 0.000000e+00 0.000000e+00

1
haar_feature 1
2
0 4 39 9 0 -1
0 4 13 9 0 2
haar_x3_4
-2.195957e-01 -3.291017e-01 2.492361e-01
0.000000e+00 0.000000e+00 0.000000e+00
0.000000e+00 0.000000e+00 0.000000e+00

1
var_feature 2
1
8 0 27 5
one_rect_var
3.122004e+03 1.030843e-01 -7.865356e-01
0.000000e+00 0.000000e+00 0.000000e+00
0.000000e+00 0.000000e+00 0.000000e+00

1
haar_feature 1
3
8 14 12 16 0 -1
8 14 6 8 0 2
14 22 6 8 0 2
haar_x2_y2
-1.031351e-02 3.222477e-01 -2.433179e-01
0.000000e+00 0.000000e+00 0.000000e+00
0.000000e+00 0.000000e+00 0.000000e+00

1
hog_feature 3
27
6 14 18 18
4_cells_hog
2.070327e+02 2.441005e-01 -3.315773e-01
0.000000e+00 0.000000e+00 0.000000e+00
0.000000e+00 0.000000e+00 0.000000e+00

1
hog_feature 3
9
10 6 20 10
4_cells_hog
2.544981e+02 -3.097332e-01 3.041543e-01
0.000000e+00 0.000000e+00 0.000000e+00
0.000000e+00 0.000000e+00 0.000000e+00

23
1 2 5 6 9 11 13 15 16 18 19 20 21 22 23 24 25 26 27 28 29 30 31 
-1.677060e+00
9
0 2 4 6 8 10 12 14 17 
-1.880668e+00
17
1 3 5 7 9 11 13 15 17 18 19 20 21 22 23 24 25 
-1.731612e+00

3
-1
