57
2
haar_feature 1
2
22 14 4 21 0 -1
22 21 4 7 0 3
haar_y3_0
0.000000e+00 0.000000e+00 0.000000e+00
2.922438e-02 -5.613416e-01 3.943662e-01
0.000000e+00 0.000000e+00 0.000000e+00

5
hog_feature 3
35
4 22 10 10
4_cells_hog
3.250385e+02 -4.425428e-01 1.860465e-01
0.000000e+00 0.000000e+00 0.000000e+00
1.869243e+02 -5.354906e-01 3.311258e-02

2
hog_feature 3
26
2 0 18 36
4_cells_hog
0.000000e+00 0.000000e+00 0.000000e+00
4.512131e+02 -5.974432e-01 2.043977e-01
0.000000e+00 0.000000e+00 0.000000e+00

5
haar_feature 1
2
14 0 11 6 0 -1
14 3 11 3 0 2
haar_y2
4.834087e-03 -1.267762e-01 1.674821e-01
0.000000e+00 0.000000e+00 0.000000e+00
6.469162e-03 -2.945263e-01 3.339773e-01

2
hog_feature 3
7
0 0 28 14
4_cells_hog
0.000000e+00 0.000000e+00 0.000000e+00
7.678011e+01 3.506655e-01 -3.874219e-01
0.000000e+00 0.000000e+00 0.000000e+00

5
hog_feature 3
13
4 4 24 24
4_cells_hog
1.087856e+02 2.412475e-01 -2.042181e-01
0.000000e+00 0.000000e+00 0.000000e+00
3.863668e+02 1.157110e-01 -5.766549e-01

1
haar_feature 1
2
22 14 18 22 0 -1
22 14 6 22 0 3
haar_x3_1
6.981087e-02 -2.524778e-01 2.668850e-01
0.000000e+00 0.000000e+00 0.000000e+00
0.000000e+00 0.000000e+00 0.000000e+00

6
hog_feature 3
28
20 6 14 28
4_cells_hog
0.000000e+00 0.000000e+00 0.000000e+00
1.520417e+02 -5.030831e-01 1.968597e-01
1.745527e+02 -4.777826e-01 1.359638e-01

2
haar_feature 1
2
16 14 5 21 0 -1
16 28 5 7 0 3
haar_y3_2
0.000000e+00 0.000000e+00 0.000000e+00
4.459711e-03 -7.032148e-01 1.819911e-01
0.000000e+00 0.000000e+00 0.000000e+00

5
hog_feature 3
29
8 18 8 16
4_cells_hog
8.575955e+01 8.100313e-02 -2.833102e-01
0.000000e+00 0.000000e+00 0.000000e+00
1.303842e+01 2.561538e-01 -2.821550e-01

1
haar_feature 1
2
16 6 18 11 0 -1
16 6 6 11 0 3
haar_x3_1
9.203649e-02 8.376746e-02 -6.349042e-01
0.000000e+00 0.000000e+00 0.000000e+00
0.000000e+00 0.000000e+00 0.000000e+00

6
hog_feature 3
35
2 8 28 28
4_cells_hog
0.000000e+00 0.000000e+00 0.000000e+00
3.228500e+02 2.168349e-01 -4.924293e-01
6.226288e+02 1.459064e-01 -3.399398e-01

2
hog_feature 3
25
6 20 14 14
4_cells_hog
0.000000e+00 0.000000e+00 0.000000e+00
1.805021e+02 -2.831636e-01 4.220654e-01
0.000000e+00 0.000000e+00 0.000000e+00

5
hog_feature 3
27
20 4 8 16
4_cells_hog
3.198583e+02 -1.125680e-01 2.129663e-01
0.000000e+00 0.000000e+00 0.000000e+00
7.300342e+01 -4.318910e-01 1.764223e-01

3
var_feature 2
1
36 4 4 4
one_rect_var
3.384121e+02 1.124681e-01 -2.961883e-01
8.240234e+00 5.142630e-01 -1.999359e-01
0.000000e+00 0.000000e+00 0.000000e+00

4
hog_feature 3
13
10 16 10 10
4_cells_hog
0.000000e+00 0.000000e+00 0.000000e+00
0.000000e+00 0.000000e+00 0.000000e+00
7.999985e+00 -4.724374e-01 1.461852e-01

2
haar_feature 1
2
10 6 25 30 0 -1
10 26 25 10 0 3
haar_y3_2
0.000000e+00 0.000000e+00 0.000000e+00
1.935859e-01 1.875053e-01 -6.776485e-01
0.000000e+00 0.000000e+00 0.000000e+00

5
hog_feature 3
22
10 10 22 22
4_cells_hog
8.402872e+02 3.417110e-02 -6.316878e-01
0.000000e+00 0.000000e+00 0.000000e+00
2.889295e+02 9.569549e-02 -7.341916e-01

2
var_feature 2
1
12 12 17 6
one_rect_var
0.000000e+00 0.000000e+00 0.000000e+00
8.883506e+02 2.103115e-01 -5.117419e-01
0.000000e+00 0.000000e+00 0.000000e+00

5
hog_feature 3
16
4 0 18 36
4_cells_hog
1.434839e+03 -1.246610e-01 3.916247e-01
0.000000e+00 0.000000e+00 0.000000e+00
1.819696e+03 -7.821778e-02 7.204266e-01

3
hog_feature 3
1
2 12 20 10
4_cells_hog
6.168817e+01 1.693049e-01 -2.103443e-01
2.172281e+02 -2.638988e-01 3.674051e-01
0.000000e+00 0.000000e+00 0.000000e+00

4
hog_feature 3
29
20 24 6 12
4_cells_hog
0.000000e+00 0.000000e+00 0.000000e+00
0.000000e+00 0.000000e+00 0.000000e+00
1.702937e+01 -3.845461e-01 1.866024e-01

1
hog_feature 3
19
6 18 16 8
4_cells_hog
1.158857e+02 -2.293665e-01 3.284115e-01
0.000000e+00 0.000000e+00 0.000000e+00
0.000000e+00 0.000000e+00 0.000000e+00

6
hog_feature 3
21
0 6 8 16
4_cells_hog
0.000000e+00 0.000000e+00 0.000000e+00
2.079120e+01 3.421249e-01 -3.737230e-01
2.412292e+01 1.523748e-01 -1.476395e-01

2
var_feature 2
1
20 14 4 8
one_rect_var
0.000000e+00 0.000000e+00 0.000000e+00
1.908125e+02 -5.946375e-01 1.949212e-01
0.000000e+00 0.000000e+00 0.000000e+00

5
hog_feature 3
23
14 12 18 18
4_cells_hog
3.307570e+02 -1.296113e-01 3.158034e-01
0.000000e+00 0.000000e+00 0.000000e+00
3.315311e+01 2.255001e-01 -1.944274e-01

3
haar_feature 1
2
16 18 12 18 0 -1
16 24 12 6 0 3
haar_y3_0
2.764878e-03 1.775069e-01 -2.854983e-01
1.652661e-03 -4.393485e-01 1.123596e-01
0.000000e+00 0.000000e+00 0.000000e+00

4
haar_feature 1
2
18 12 6 9 0 -1
18 15 6 3 0 3
haar_y3_0
0.000000e+00 0.000000e+00 0.000000e+00
0.000000e+00 0.000000e+00 0.000000e+00
-4.311568e-04 2.472292e-01 -3.070647e-01

2
hog_feature 3
31
20 16 10 20
4_cells_hog
0.000000e+00 0.000000e+00 0.000000e+00
3.513232e+01 3.671235e-01 -3.295802e-01
0.000000e+00 0.000000e+00 0.000000e+00

5
haar_feature 1
2
16 14 8 8 0 -1
20 14 4 8 0 2
haar_x2
2.641753e-03 1.368689e-01 -2.228036e-01
0.000000e+00 0.000000e+00 0.000000e+00
1.199068e-02 7.363279e-02 -7.329826e-01

3
hog_feature 3
16
12 8 24 24
4_cells_hog
2.161375e+02 2.127586e-01 -1.625183e-01
1.772622e+02 -6.482819e-01 1.540233e-01
0.000000e+00 0.000000e+00 0.000000e+00

4
haar_feature 1
2
16 18 8 9 0 -1
16 21 8 3 0 3
haar_y3_0
0.000000e+00 0.000000e+00 0.000000e+00
0.000000e+00 0.000000e+00 0.000000e+00
-6.560070e-04 2.729963e-01 -2.560320e-01

5
haar_feature 1
2
22 34 9 4 0 -1
25 34 3 4 0 2
haar_x3_3
-6.011918e-03 5.792698e-02 -7.214687e-01
0.000000e+00 0.000000e+00 0.000000e+00
-1.859291e-02 -2.197247e-01 1.973111e-01

5
haar_feature 1
2
18 6 9 9 0 -1
18 9 9 3 0 2
haar_y3_3
-5.945449e-02 -3.604071e-01 1.061180e-01
0.000000e+00 0.000000e+00 0.000000e+00
-1.824255e-02 4.642029e-02 -9.913741e-01

5
hog_feature 3
32
8 0 16 16
4_cells_hog
2.132852e+02 4.806104e-02 -4.030415e-01
0.000000e+00 0.000000e+00 0.000000e+00
4.533051e+01 1.884804e-01 -3.221874e-01

5
var_feature 2
1
16 6 8 4
one_rect_var
6.768750e+01 -7.308266e-01 4.794919e-02
0.000000e+00 0.000000e+00 0.000000e+00
1.925391e+01 -8.603787e-01 5.464109e-02

5
hog_feature 3
9
20 0 12 6
4_cells_hog
5.458575e+01 1.340436e-01 -2.180989e-01
0.000000e+00 0.000000e+00 0.000000e+00
5.459828e+01 1.757420e-01 -3.076282e-01

5
var_feature 2
1
26 14 4 9
one_rect_var
1.507105e+03 -7.248328e-02 2.913405e-01
0.000000e+00 0.000000e+00 0.000000e+00
1.867090e+02 -3.873069e-01 1.353074e-01

5
var_feature 2
1
18 18 5 15
one_rect_var
8.285132e+02 1.180305e-01 -2.527840e-01
0.000000e+00 0.000000e+00 0.000000e+00
3.182088e+01 4.760872e-01 -1.377382e-01

5
hog_feature 3
2
10 16 18 18
4_cells_hog
1.075517e+02 -3.540505e-01 1.236548e-01
0.000000e+00 0.000000e+00 0.000000e+00
8.613747e+00 -7.958050e-01 5.027737e-02

5
hog_feature 3
21
0 2 16 32
4_cells_hog
2.091956e+02 1.956354e-01 -2.673870e-01
0.000000e+00 0.000000e+00 0.000000e+00
2.871680e+02 9.804871e-02 -2.300378e-01

5
hog_feature 3
34
6 6 18 18
4_cells_hog
2.138513e+02 -3.033271e-01 1.604270e-01
0.000000e+00 0.000000e+00 0.000000e+00
1.481884e+01 -5.501769e-01 5.047500e-02

5
hog_feature 3
29
30 4 8 16
4_cells_hog
1.185144e+01 1.755890e-01 -1.171333e-01
0.000000e+00 0.000000e+00 0.000000e+00
1.294238e+02 1.216728e-01 -5.147576e-01

5
hog_feature 3
29
14 0 18 36
4_cells_hog
2.908926e+01 -8.390940e-01 4.014631e-02
0.000000e+00 0.000000e+00 0.000000e+00
4.598432e+02 -2.459704e-01 1.850479e-01

5
haar_feature 1
2
12 8 15 9 0 -1
12 8 5 9 0 2
haar_x3_4
-3.378642e-02 5.637096e-02 -6.120383e-01
0.000000e+00 0.000000e+00 0.000000e+00
-3.073474e-02 4.565310e-02 -6.536108e-01

5
haar_feature 1
2
16 6 5 15 0 -1
16 11 5 5 0 3
haar_y3_0
-1.332605e-02 -1.558432e-01 1.756787e-02
0.000000e+00 0.000000e+00 0.000000e+00
-7.308926e-04 2.424698e-01 -3.293543e-01

1
var_feature 2
1
20 20 6 4
one_rect_var
2.340179e+01 6.139959e-01 -8.965219e-02
0.000000e+00 0.000000e+00 0.000000e+00
0.000000e+00 0.000000e+00 0.000000e+00

1
hog_feature 3
14
14 20 8 16
4_cells_hog
7.254623e+01 -2.310609e-01 2.141559e-01
0.000000e+00 0.000000e+00 0.000000e+00
0.000000e+00 0.000000e+00 0.000000e+00

1
hog_feature 3
28
16 4 16 8
4_cells_hog
1.188174e+02 -2.054388e-01 2.359666e-01
0.000000e+00 0.000000e+00 0.000000e+00
0.000000e+00 0.000000e+00 0.000000e+00

1
hog_feature 3
30
2 0 28 14
4_cells_hog
1.656378e+02 1.423620e-01 -3.602769e-01
0.000000e+00 0.000000e+00 0.000000e+00
0.000000e+00 0.000000e+00 0.000000e+00

1
hog_feature 3
24
2 0 18 36
4_cells_hog
2.683122e+02 1.733456e-01 -2.609521e-01
0.000000e+00 0.000000e+00 0.000000e+00
0.000000e+00 0.000000e+00 0.000000e+00

1
hog_feature 3
34
2 18 14 14
4_cells_hog
1.649841e+02 -2.106366e-01 2.348546e-01
0.000000e+00 0.000000e+00 0.000000e+00
0.000000e+00 0.000000e+00 0.000000e+00

1
haar_feature 1
2
16 12 15 27 0 -1
16 12 15 9 0 3
haar_y3_1
-1.450627e-01 -9.485333e-01 4.599565e-02
0.000000e+00 0.000000e+00 0.000000e+00
0.000000e+00 0.000000e+00 0.000000e+00

1
hog_feature 3
1
4 4 24 24
4_cells_hog
6.977380e+02 5.914475e-02 -6.035846e-01
0.000000e+00 0.000000e+00 0.000000e+00
0.000000e+00 0.000000e+00 0.000000e+00

1
hog_feature 3
2
20 16 12 6
4_cells_hog
1.802775e+01 -2.771254e-01 1.602333e-01
0.000000e+00 0.000000e+00 0.000000e+00
0.000000e+00 0.000000e+00 0.000000e+00

1
haar_feature 1
2
14 2 15 25 0 -1
14 2 5 25 0 2
haar_x3_4
-2.884641e-01 -3.672683e-01 1.150012e-01
0.000000e+00 0.000000e+00 0.000000e+00
0.000000e+00 0.000000e+00 0.000000e+00

1
haar_feature 1
2
20 32 9 8 0 -1
23 32 3 8 0 2
haar_x3_3
-1.241424e-02 4.503014e-02 -9.044969e-01
0.000000e+00 0.000000e+00 0.000000e+00
0.000000e+00 0.000000e+00 0.000000e+00

41
1 3 5 6 9 10 13 14 17 19 20 22 25 26 29 30 32 33 34 35 36 37 38 39 40 41 42 43 44 45 46 47 48 49 50 51 52 53 54 55 56 
-1.583041e+00
16
0 2 4 7 8 11 12 14 16 18 20 23 24 26 28 30 
-1.710881e+00
30
1 3 5 7 9 11 13 15 17 19 21 23 25 27 29 31 32 33 34 35 36 37 38 39 40 41 42 43 44 45 
-1.718107e+00

8
-1
