13
2
hog_feature 3
20
8 14 10 20
4_cells_hog
0.000000e+00 0.000000e+00 0.000000e+00
7.632812e+01 3.872340e-01 -5.846154e-01
0.000000e+00 0.000000e+00 0.000000e+00

5
hog_feature 3
7
4 22 24 12
4_cells_hog
9.931235e+01 -5.862069e-01 6.880734e-01
0.000000e+00 0.000000e+00 0.000000e+00
8.765367e+01 -8.260869e-01 5.161290e-01

1
var_feature 2
1
6 6 4 17
one_rect_var
8.505793e+02 -6.666557e-01 5.399995e-01
0.000000e+00 0.000000e+00 0.000000e+00
0.000000e+00 0.000000e+00 0.000000e+00

6
hog_feature 3
11
20 32 6 6
4_cells_hog
0.000000e+00 0.000000e+00 0.000000e+00
4.959143e+01 -3.559703e-01 5.509951e-01
1.010703e+02 -2.250919e-01 5.105212e-01

2
hog_feature 3
31
4 12 16 8
4_cells_hog
0.000000e+00 0.000000e+00 0.000000e+00
6.289832e+01 4.006726e-01 -5.206903e-01
0.000000e+00 0.000000e+00 0.000000e+00

5
hog_feature 3
16
18 0 16 8
4_cells_hog
5.384548e+01 5.524673e-01 -4.463981e-01
0.000000e+00 0.000000e+00 0.000000e+00
4.710690e+01 3.739655e-01 -5.008958e-01

3
haar_feature 1
2
2 10 21 9 0 -1
9 10 7 9 0 3
haar_x3_0
-2.900631e-02 -7.358733e-01 1.982039e-01
-1.762553e-02 -8.396785e-01 2.556645e-01
0.000000e+00 0.000000e+00 0.000000e+00

4
hog_feature 3
27
16 6 6 6
4_cells_hog
0.000000e+00 0.000000e+00 0.000000e+00
0.000000e+00 0.000000e+00 0.000000e+00
3.325348e+01 -5.590264e-01 5.090446e-01

3
hog_feature 3
32
16 16 14 14
4_cells_hog
5.660754e+01 5.295587e-01 -4.886662e-01
5.363446e+01 3.852938e-01 -4.208224e-01
0.000000e+00 0.000000e+00 0.000000e+00

4
hog_feature 3
7
18 2 6 12
4_cells_hog
0.000000e+00 0.000000e+00 0.000000e+00
0.000000e+00 0.000000e+00 0.000000e+00
5.927246e+01 -5.178852e-01 5.187116e-01

5
haar_feature 1
2
14 18 12 10 0 -1
14 18 4 10 0 3
haar_x3_1
-1.193162e-02 6.560881e-01 -5.096710e-01
0.000000e+00 0.000000e+00 0.000000e+00
-7.257100e-03 2.856208e-01 -5.221357e-01

4
hog_feature 3
26
2 24 10 10
4_cells_hog
0.000000e+00 0.000000e+00 0.000000e+00
0.000000e+00 0.000000e+00 0.000000e+00
1.464692e+02 -4.805736e-01 6.287544e-01

4
hog_feature 3
33
22 2 6 12
4_cells_hog
0.000000e+00 0.000000e+00 0.000000e+00
0.000000e+00 0.000000e+00 0.000000e+00
1.947903e+01 4.883366e-01 -5.894688e-01

6
1 2 5 6 8 10 
-2.745138e-01
5
0 3 4 6 8 
-7.194686e-01
8
1 3 5 7 9 10 11 12 
-3.926701e-01

13
-1
