5
3
haar_feature 1
2
10 20 21 5 0 -1
24 20 7 5 0 2
haar_x3_5
-9.354651e-02 -1.000000e+00 9.895288e-01
-8.587325e-02 -1.000000e+00 6.888889e-01
0.000000e+00 0.000000e+00 0.000000e+00

4
hog_feature 3
9
2 4 20 20
4_cells_hog
0.000000e+00 0.000000e+00 0.000000e+00
0.000000e+00 0.000000e+00 0.000000e+00
1.251712e+02 -1.000000e+00 9.191919e-01

2
hog_feature 3
5
26 0 8 16
4_cells_hog
0.000000e+00 0.000000e+00 0.000000e+00
8.509326e+01 6.135338e-01 -5.823965e-01
0.000000e+00 0.000000e+00 0.000000e+00

2
hog_feature 3
26
14 24 10 10
4_cells_hog
0.000000e+00 0.000000e+00 0.000000e+00
7.637854e+01 5.443205e-01 -6.562550e-01
0.000000e+00 0.000000e+00 0.000000e+00

2
hog_feature 3
19
28 20 10 10
4_cells_hog
0.000000e+00 0.000000e+00 0.000000e+00
2.346564e+02 -4.596796e-01 9.045780e-01
0.000000e+00 0.000000e+00 0.000000e+00

1
0 
9.895288e-01
4
0 2 3 4 
1.864882e-01
1
1 
9.191919e-01

15
-1
