15
1
hog_feature 3
20
20 2 10 10
4_cells_hog
6.787086e+01 2.411347e-01 -8.550724e-01
0.000000e+00 0.000000e+00 0.000000e+00
0.000000e+00 0.000000e+00 0.000000e+00

6
hog_feature 3
34
8 26 12 12
4_cells_hog
0.000000e+00 0.000000e+00 0.000000e+00
1.477556e+02 -5.853658e-01 2.586207e-01
2.690231e+02 -4.496124e-01 2.823530e-01

3
hog_feature 3
2
12 12 10 20
4_cells_hog
4.289503e+02 -2.435877e-01 5.972215e-01
4.479047e+02 -3.536835e-01 5.470499e-01
0.000000e+00 0.000000e+00 0.000000e+00

4
hog_feature 3
9
6 20 6 6
4_cells_hog
0.000000e+00 0.000000e+00 0.000000e+00
0.000000e+00 0.000000e+00 0.000000e+00
2.418622e+01 -6.004866e-01 2.999711e-01

2
hog_feature 3
17
12 4 16 16
4_cells_hog
0.000000e+00 0.000000e+00 0.000000e+00
2.517557e+02 -9.375064e-01 2.465586e-01
0.000000e+00 0.000000e+00 0.000000e+00

5
hog_feature 3
10
12 26 10 10
4_cells_hog
1.147938e+02 -3.177526e-01 5.468975e-01
0.000000e+00 0.000000e+00 0.000000e+00
1.118149e+00 3.626167e-01 -3.474638e-01

2
hog_feature 3
12
12 10 22 22
4_cells_hog
0.000000e+00 0.000000e+00 0.000000e+00
2.447958e+02 3.340370e-01 -5.857090e-01
0.000000e+00 0.000000e+00 0.000000e+00

5
hog_feature 3
20
14 14 10 20
4_cells_hog
1.424131e+02 2.960137e-01 -5.683147e-01
0.000000e+00 0.000000e+00 0.000000e+00
6.228735e+01 1.694661e-01 -7.730395e-01

2
hog_feature 3
3
16 14 6 6
4_cells_hog
0.000000e+00 0.000000e+00 0.000000e+00
1.219083e+02 -4.030838e-01 5.234579e-01
0.000000e+00 0.000000e+00 0.000000e+00

5
haar_feature 1
2
20 12 6 12 0 -1
23 12 3 12 0 2
haar_x2
-4.892678e-03 -7.729898e-01 1.604532e-01
0.000000e+00 0.000000e+00 0.000000e+00
1.179292e-02 -2.785303e-01 5.456346e-01

7
hog_feature 3
9
16 14 14 14
4_cells_hog
9.410254e+01 -6.663154e-01 7.999976e-02
5.891602e+02 1.629736e-01 -9.469721e-01
2.121769e+02 -6.605916e-01 2.199446e-01

5
haar_feature 1
3
22 26 8 14 0 -1
22 26 4 7 0 2
26 33 4 7 0 2
haar_x2_y2
1.312931e-02 -2.205249e-01 8.036588e-01
0.000000e+00 0.000000e+00 0.000000e+00
8.508332e-03 -2.977526e-01 3.679375e-01

5
hog_feature 3
35
12 8 14 28
4_cells_hog
5.609894e+02 2.050412e-01 -4.729348e-01
0.000000e+00 0.000000e+00 0.000000e+00
2.908557e+02 2.542119e-01 -7.052373e-01

5
hog_feature 3
17
6 2 10 20
4_cells_hog
8.132846e+01 5.276044e-01 -2.610826e-01
0.000000e+00 0.000000e+00 0.000000e+00
4.364355e+02 -4.220026e-01 3.401365e-01

1
hog_feature 3
10
22 32 6 6
4_cells_hog
3.847302e+01 -3.961654e-01 5.562822e-01
0.000000e+00 0.000000e+00 0.000000e+00
0.000000e+00 0.000000e+00 0.000000e+00

10
0 2 5 7 9 10 11 12 13 14 
-9.283139e-01
6
1 2 4 6 8 10 
-6.743234e-01
9
1 3 5 7 9 10 11 12 13 
-1.046458e+00

12
-1
