10
7
hog_feature 3
3
9 9 16 16
4_cells_hog
3.826728e+02 -4.313726e-01 -1.250000e-01
8.518989e+02 -7.283950e-01 4.871795e-01
3.177603e+02 -6.291391e-01 -3.355705e-02

7
hog_feature 3
35
6 6 28 28
4_cells_hog
2.534379e+02 -8.227156e-01 5.446647e-02
4.530589e+02 4.834136e-01 -8.570943e-01
1.115195e+03 7.638146e-02 -6.976587e-01

7
haar_feature 1
2
3 12 33 13 0 -1
14 12 11 13 0 3
haar_x3_0
-1.726721e-02 1.920332e-01 -2.584816e-01
-3.850318e-02 5.284029e-01 -8.179455e-01
-4.235389e-03 2.691023e-01 -3.677231e-01

7
hog_feature 3
33
12 6 16 32
4_cells_hog
2.016731e+02 -6.198418e-01 1.638298e-01
3.760040e+02 -8.788758e-01 3.213284e-01
1.095343e+02 -9.415577e-01 9.769844e-02

5
haar_feature 1
2
24 12 5 9 0 -1
24 12 5 3 0 3
haar_y3_1
-1.658779e-02 5.640897e-01 -1.450067e-01
0.000000e+00 0.000000e+00 0.000000e+00
1.067271e-02 -4.914586e-01 5.155467e-01

5
hog_feature 3
31
24 12 16 16
4_cells_hog
2.222140e+02 2.927588e-01 -5.742350e-01
0.000000e+00 0.000000e+00 0.000000e+00
4.482036e+02 2.469645e-01 -5.001385e-01

5
hog_feature 3
23
3 9 32 16
4_cells_hog
6.161389e+02 -6.173258e-01 3.163019e-01
0.000000e+00 0.000000e+00 0.000000e+00
6.503394e+02 -4.014612e-01 2.720117e-01

5
hog_feature 3
33
0 18 10 20
4_cells_hog
5.619324e+01 3.675668e-01 -3.445798e-01
0.000000e+00 0.000000e+00 0.000000e+00
3.813574e+01 4.875484e-01 -3.654992e-01

5
haar_feature 1
2
33 12 7 26 0 -1
33 25 7 13 0 2
haar_y2
-3.103470e-02 4.401854e-01 -3.480230e-01
0.000000e+00 0.000000e+00 0.000000e+00
-2.353524e-03 2.581275e-01 -6.369421e-01

5
hog_feature 3
12
3 12 32 16
4_cells_hog
1.253915e+02 -9.384839e-01 1.347455e-01
0.000000e+00 0.000000e+00 0.000000e+00
3.693848e+02 -7.696067e-01 1.849402e-01

10
0 1 2 3 4 5 6 7 8 9 
-1.206371e+00
4
0 1 2 3 
-8.665320e-01
10
0 1 2 3 4 5 6 7 8 9 
-1.566298e+00

3
-1
