14
3
hog_feature 3
26
2 22 12 6
4_cells_hog
8.713467e+01 -5.616438e-01 2.539683e-01
1.938671e+02 -5.901235e-01 1.567568e-01
0.000000e+00 0.000000e+00 0.000000e+00

4
haar_feature 1
2
8 20 5 15 0 -1
8 25 5 5 0 3
haar_y3_0
0.000000e+00 0.000000e+00 0.000000e+00
0.000000e+00 0.000000e+00 0.000000e+00
-7.810956e-03 2.241379e-01 -6.190476e-01

3
hog_feature 3
9
24 10 10 20
4_cells_hog
3.113741e+02 -5.906259e-01 2.666786e-01
1.990110e+02 -6.704058e-01 2.192195e-01
0.000000e+00 0.000000e+00 0.000000e+00

4
hog_feature 3
8
8 6 28 14
4_cells_hog
0.000000e+00 0.000000e+00 0.000000e+00
0.000000e+00 0.000000e+00 0.000000e+00
7.085730e+02 -5.175259e-01 3.836577e-01

3
hog_feature 3
19
0 16 32 16
4_cells_hog
4.851930e+02 2.001666e-01 -8.537261e-01
2.967101e+02 2.504015e-01 -4.514026e-01
0.000000e+00 0.000000e+00 0.000000e+00

4
hog_feature 3
20
22 0 16 32
4_cells_hog
0.000000e+00 0.000000e+00 0.000000e+00
0.000000e+00 0.000000e+00 0.000000e+00
5.988466e+02 -7.379695e-01 2.612531e-01

1
haar_feature 1
3
14 20 6 14 0 -1
14 20 3 7 0 2
17 27 3 7 0 2
haar_x2_y2
-7.474443e-04 4.129156e-01 -6.323816e-01
0.000000e+00 0.000000e+00 0.000000e+00
0.000000e+00 0.000000e+00 0.000000e+00

6
hog_feature 3
33
14 4 10 10
4_cells_hog
0.000000e+00 0.000000e+00 0.000000e+00
7.431891e+01 -4.426729e-01 4.066304e-01
1.687570e+02 5.604253e-02 -9.394339e-01

7
haar_feature 1
2
16 12 5 8 0 -1
16 16 5 4 0 2
haar_y2
-2.460614e-04 2.366432e-01 -8.465028e-01
-1.702637e-03 2.698583e-01 -4.992573e-01
5.345259e-03 -2.088174e-01 4.874277e-01

6
hog_feature 3
29
24 24 14 14
4_cells_hog
0.000000e+00 0.000000e+00 0.000000e+00
5.857788e+01 3.770598e-01 -3.738714e-01
9.977344e+01 3.123778e-01 -4.800225e-01

6
hog_feature 3
35
16 4 10 20
4_cells_hog
0.000000e+00 0.000000e+00 0.000000e+00
5.888489e+01 -9.670188e-01 1.115898e-01
3.196730e+02 -3.881496e-01 4.543804e-01

6
hog_feature 3
7
2 0 14 28
4_cells_hog
0.000000e+00 0.000000e+00 0.000000e+00
7.942093e+02 -3.006007e-01 4.777784e-01
1.080458e+02 4.273402e-01 -2.845778e-01

6
hog_feature 3
19
24 10 14 28
4_cells_hog
0.000000e+00 0.000000e+00 0.000000e+00
3.326311e+02 -6.174421e-01 2.098905e-01
3.210051e+02 -6.874723e-01 2.311691e-01

6
haar_feature 1
2
6 20 21 12 0 -1
13 20 7 12 0 3
haar_x3_0
0.000000e+00 0.000000e+00 0.000000e+00
-2.309205e-03 2.048237e-01 -7.312176e-01
-2.490817e-02 2.364001e-01 -4.636830e-01

5
0 2 4 6 8 
-5.700783e-01
10
0 2 4 7 8 9 10 11 12 13 
-1.286034e+00
10
1 3 5 7 8 9 10 11 12 13 
-1.379791e+00

11
-1
