21
2
haar_feature 1
2
12 0 18 28 0 -1
24 0 6 28 0 3
haar_x3_2
0.000000e+00 0.000000e+00 0.000000e+00
-1.637123e-01 -7.500000e-01 9.579580e-01
0.000000e+00 0.000000e+00 0.000000e+00

5
hog_feature 3
26
4 2 32 32
4_cells_hog
2.118948e+02 -7.777778e-01 9.062500e-01
0.000000e+00 0.000000e+00 0.000000e+00
8.186644e+01 -6.666667e-01 9.304866e-01

2
hog_feature 3
16
8 24 24 12
4_cells_hog
0.000000e+00 0.000000e+00 0.000000e+00
1.159369e+02 8.708803e-01 -1.715397e-01
0.000000e+00 0.000000e+00 0.000000e+00

5
hog_feature 3
28
6 0 32 32
4_cells_hog
1.369724e+02 -4.413253e-01 6.069084e-01
0.000000e+00 0.000000e+00 0.000000e+00
6.106563e+02 8.143483e-02 7.846738e-01

2
hog_feature 3
15
0 18 18 18
4_cells_hog
0.000000e+00 0.000000e+00 0.000000e+00
1.798230e+02 -3.418192e-01 8.232865e-01
0.000000e+00 0.000000e+00 0.000000e+00

5
hog_feature 3
3
6 28 12 6
4_cells_hog
4.552956e+01 2.947797e-01 -4.723889e-01
0.000000e+00 0.000000e+00 0.000000e+00
1.476483e+01 6.377831e-01 -2.973218e-01

2
hog_feature 3
12
26 24 10 10
4_cells_hog
0.000000e+00 0.000000e+00 0.000000e+00
3.338611e+01 7.919778e-01 -4.712114e-01
0.000000e+00 0.000000e+00 0.000000e+00

5
hog_feature 3
9
28 0 8 4
4_cells_hog
9.743408e+00 5.799296e-01 -3.325393e-01
0.000000e+00 0.000000e+00 0.000000e+00
9.581250e+01 2.222695e-01 -6.325996e-01

5
hog_feature 3
25
12 10 12 24
4_cells_hog
2.270459e+02 -4.357442e-01 5.424202e-01
0.000000e+00 0.000000e+00 0.000000e+00
1.400498e+02 -2.115876e-01 2.835377e-01

5
hog_feature 3
4
20 8 10 10
4_cells_hog
5.923343e+01 2.594667e-01 -6.579368e-01
0.000000e+00 0.000000e+00 0.000000e+00
1.152769e+01 3.872368e-01 -3.938087e-01

5
hog_feature 3
4
12 16 10 20
4_cells_hog
7.071026e+00 -7.411629e-01 1.362306e-01
0.000000e+00 0.000000e+00 0.000000e+00
9.027679e+00 -6.788768e-01 3.283401e-01

5
haar_feature 1
2
22 4 14 15 0 -1
22 9 14 5 0 2
haar_y3_3
-9.112059e-02 -2.793946e-01 6.675127e-01
0.000000e+00 0.000000e+00 0.000000e+00
-1.120704e-01 -3.209964e-01 5.534347e-01

5
hog_feature 3
10
18 6 16 32
4_cells_hog
9.245536e+02 -1.276467e-01 7.630085e-01
0.000000e+00 0.000000e+00 0.000000e+00
3.518907e+02 -3.813202e-01 4.894357e-01

5
hog_feature 3
35
14 28 10 10
4_cells_hog
8.858301e+01 2.750046e-01 -5.400736e-01
0.000000e+00 0.000000e+00 0.000000e+00
5.999756e+00 6.755710e-01 -2.681010e-01

5
hog_feature 3
35
2 16 14 14
4_cells_hog
7.929602e+01 -6.162487e-01 2.932985e-01
0.000000e+00 0.000000e+00 0.000000e+00
5.636359e+01 -4.794258e-01 2.030655e-01

5
hog_feature 3
25
16 12 14 14
4_cells_hog
1.098962e+01 -8.299785e-01 7.265467e-02
0.000000e+00 0.000000e+00 0.000000e+00
2.199957e+01 7.501824e-01 -3.208628e-01

5
hog_feature 3
5
0 8 24 12
4_cells_hog
1.840040e+02 3.931900e-01 -6.058295e-01
0.000000e+00 0.000000e+00 0.000000e+00
2.831903e+01 -2.550949e-01 2.342364e-01

5
hog_feature 3
11
18 0 20 10
4_cells_hog
1.880340e+01 -2.642559e-01 1.122010e-01
0.000000e+00 0.000000e+00 0.000000e+00
6.360890e+01 5.993893e-01 -4.656979e-01

5
haar_feature 1
2
6 26 23 9 0 -1
6 29 23 3 0 3
haar_y3_0
-3.528831e-03 5.579861e-01 -2.925995e-01
0.000000e+00 0.000000e+00 0.000000e+00
7.469535e-03 -2.800919e-01 5.243883e-01

4
hog_feature 3
6
0 0 16 8
4_cells_hog
0.000000e+00 0.000000e+00 0.000000e+00
0.000000e+00 0.000000e+00 0.000000e+00
4.177065e+01 4.868625e-01 -5.717128e-01

4
var_feature 2
1
22 12 4 4
one_rect_var
0.000000e+00 0.000000e+00 0.000000e+00
0.000000e+00 0.000000e+00 0.000000e+00
2.744336e+01 -7.786610e-01 3.075684e-01

15
1 3 5 7 8 9 10 11 12 13 14 15 16 17 18 
1.109372e-01
4
0 2 4 6 
1.015808e+00
17
1 3 5 7 8 9 10 11 12 13 14 15 16 17 18 19 20 
1.627506e-01

18
-1
