70
2
haar_feature 1
2
18 14 8 15 0 -1
18 24 8 5 0 3
haar_y3_2
0.000000e+00 0.000000e+00 0.000000e+00
1.280911e-02 -5.873016e-01 3.188947e-01
0.000000e+00 0.000000e+00 0.000000e+00

5
haar_feature 1
2
4 26 36 5 0 -1
16 26 12 5 0 3
haar_x3_0
9.290577e-02 -4.080000e-01 7.964602e-02
0.000000e+00 0.000000e+00 0.000000e+00
1.062034e-01 -2.985075e-01 4.739229e-01

2
hog_feature 3
26
2 18 12 12
4_cells_hog
0.000000e+00 0.000000e+00 0.000000e+00
1.778525e+02 -3.504077e-01 3.267368e-01
0.000000e+00 0.000000e+00 0.000000e+00

5
hog_feature 3
9
6 4 22 22
4_cells_hog
2.706943e+03 -7.075778e-02 5.907114e-01
0.000000e+00 0.000000e+00 0.000000e+00
1.074232e+03 -1.603119e-01 3.681996e-01

3
hog_feature 3
18
8 4 14 28
4_cells_hog
1.032252e+02 -4.911520e-01 5.625505e-02
2.463471e+02 2.236215e-01 -4.301131e-01
0.000000e+00 0.000000e+00 0.000000e+00

4
var_feature 2
1
14 18 8 6
one_rect_var
0.000000e+00 0.000000e+00 0.000000e+00
0.000000e+00 0.000000e+00 0.000000e+00
3.722578e+02 1.332908e-01 -4.692982e-01

3
hog_feature 3
17
18 8 20 20
4_cells_hog
4.302221e+02 9.018540e-02 -1.708053e-01
1.471890e+02 -6.910110e-01 1.365475e-01
0.000000e+00 0.000000e+00 0.000000e+00

4
hog_feature 3
4
16 16 12 6
4_cells_hog
0.000000e+00 0.000000e+00 0.000000e+00
0.000000e+00 0.000000e+00 0.000000e+00
1.820691e+01 -2.756164e-01 2.407332e-01

7
var_feature 2
1
0 0 13 4
one_rect_var
1.206521e+02 2.582031e-01 -1.247239e-01
2.769434e+01 4.274156e-01 -1.754372e-01
8.495447e+01 2.927625e-01 -1.047279e-01

3
haar_feature 1
2
12 16 7 6 0 -1
12 19 7 3 0 2
haar_y2
4.060568e-03 -1.025453e-01 1.915099e-01
-2.712974e-03 2.659188e-01 -3.444596e-01
0.000000e+00 0.000000e+00 0.000000e+00

4
var_feature 2
1
20 2 4 5
one_rect_var
0.000000e+00 0.000000e+00 0.000000e+00
0.000000e+00 0.000000e+00 0.000000e+00
7.036694e+01 -5.391718e-01 1.274520e-01

1
hog_feature 3
16
6 4 14 28
4_cells_hog
1.206948e+03 -1.061708e-01 4.482879e-01
0.000000e+00 0.000000e+00 0.000000e+00
0.000000e+00 0.000000e+00 0.000000e+00

6
hog_feature 3
31
2 4 24 12
4_cells_hog
0.000000e+00 0.000000e+00 0.000000e+00
2.164634e+02 1.445248e-01 -3.028212e-01
6.212265e+01 1.765823e-01 -3.292127e-01

1
hog_feature 3
7
24 8 10 20
4_cells_hog
7.077736e+01 2.180644e-01 -2.262787e-01
0.000000e+00 0.000000e+00 0.000000e+00
0.000000e+00 0.000000e+00 0.000000e+00

6
hog_feature 3
25
10 16 10 20
4_cells_hog
0.000000e+00 0.000000e+00 0.000000e+00
1.301614e+01 -5.084100e-01 8.471268e-02
2.286454e+02 -1.703408e-01 3.522821e-01

3
hog_feature 3
34
10 10 20 20
4_cells_hog
2.867036e+02 -1.482539e-01 1.407867e-01
1.353988e+02 2.027228e-01 -5.551968e-01
0.000000e+00 0.000000e+00 0.000000e+00

4
hog_feature 3
32
0 22 20 10
4_cells_hog
0.000000e+00 0.000000e+00 0.000000e+00
0.000000e+00 0.000000e+00 0.000000e+00
5.051953e+01 1.492165e-01 -4.284370e-01

3
haar_feature 1
3
26 14 6 14 0 -1
26 14 3 7 0 2
29 21 3 7 0 2
haar_x2_y2
5.735968e-03 -8.536047e-02 2.124429e-01
-2.501023e-03 2.300540e-01 -3.442548e-01
0.000000e+00 0.000000e+00 0.000000e+00

4
hog_feature 3
20
20 22 16 16
4_cells_hog
0.000000e+00 0.000000e+00 0.000000e+00
0.000000e+00 0.000000e+00 0.000000e+00
8.015906e+01 -4.811299e-01 1.303499e-01

1
hog_feature 3
17
4 4 20 10
4_cells_hog
5.569983e+02 -1.236571e-01 2.886004e-01
0.000000e+00 0.000000e+00 0.000000e+00
0.000000e+00 0.000000e+00 0.000000e+00

6
var_feature 2
1
10 6 4 11
one_rect_var
0.000000e+00 0.000000e+00 0.000000e+00
1.347129e+02 -7.080393e-01 1.127694e-01
2.911096e+01 -6.588941e-01 4.373764e-02

2
hog_feature 3
3
0 4 10 20
4_cells_hog
0.000000e+00 0.000000e+00 0.000000e+00
6.472422e+01 2.623052e-01 -3.741577e-01
0.000000e+00 0.000000e+00 0.000000e+00

5
var_feature 2
1
14 10 9 28
one_rect_var
4.434062e+02 3.256398e-01 -6.463484e-02
0.000000e+00 0.000000e+00 0.000000e+00
1.420557e+02 4.846479e-01 -1.248462e-01

3
hog_feature 3
13
10 0 26 26
4_cells_hog
3.904138e+01 -5.038708e-01 6.198559e-02
7.733188e+01 -7.630785e-01 7.040067e-02
0.000000e+00 0.000000e+00 0.000000e+00

4
haar_feature 1
2
10 0 24 9 0 -1
10 6 24 3 0 2
haar_y3_5
0.000000e+00 0.000000e+00 0.000000e+00
0.000000e+00 0.000000e+00 0.000000e+00
-7.233515e-02 -1.420025e-01 4.490499e-01

1
hog_feature 3
24
12 10 24 24
4_cells_hog
5.392520e+02 -1.869206e-01 2.328492e-01
0.000000e+00 0.000000e+00 0.000000e+00
0.000000e+00 0.000000e+00 0.000000e+00

6
var_feature 2
1
24 8 4 19
one_rect_var
0.000000e+00 0.000000e+00 0.000000e+00
1.806005e+03 8.903822e-02 -6.679425e-01
2.245361e+02 -3.690785e-01 9.877542e-02

2
hog_feature 3
15
12 28 20 10
4_cells_hog
0.000000e+00 0.000000e+00 0.000000e+00
4.242615e+00 4.563118e-01 -1.912827e-01
0.000000e+00 0.000000e+00 0.000000e+00

5
var_feature 2
1
18 20 9 15
one_rect_var
4.737398e+01 6.569508e-01 -4.528089e-02
0.000000e+00 0.000000e+00 0.000000e+00
2.011838e+02 2.744436e-01 -1.520901e-01

2
haar_feature 1
2
8 0 14 21 0 -1
8 7 14 7 0 3
haar_y3_0
0.000000e+00 0.000000e+00 0.000000e+00
7.957087e-02 -1.785506e-01 4.744655e-01
0.000000e+00 0.000000e+00 0.000000e+00

5
hog_feature 3
19
2 30 16 8
4_cells_hog
2.050201e+02 -5.588965e-02 3.885085e-01
0.000000e+00 0.000000e+00 0.000000e+00
2.545444e+02 -8.831143e-02 5.429102e-01

7
var_feature 2
1
14 32 20 5
one_rect_var
6.046912e+01 -7.460296e-01 2.956696e-02
7.408838e+01 -7.517987e-01 9.750174e-02
4.957184e+01 -8.934297e-01 4.824618e-02

1
hog_feature 3
14
20 12 12 24
4_cells_hog
9.439594e+01 1.611665e-01 -2.587021e-01
0.000000e+00 0.000000e+00 0.000000e+00
0.000000e+00 0.000000e+00 0.000000e+00

6
hog_feature 3
11
26 8 12 24
4_cells_hog
0.000000e+00 0.000000e+00 0.000000e+00
1.082498e+02 2.127239e-01 -4.090899e-01
5.331477e+01 2.118801e-01 -1.540717e-01

1
hog_feature 3
31
4 6 22 22
4_cells_hog
1.164287e+02 -5.343707e-01 8.100735e-02
0.000000e+00 0.000000e+00 0.000000e+00
0.000000e+00 0.000000e+00 0.000000e+00

6
hog_feature 3
0
16 8 12 24
4_cells_hog
0.000000e+00 0.000000e+00 0.000000e+00
9.424022e+01 -4.746018e-01 1.679440e-01
9.842218e+01 -3.162525e-01 8.053262e-02

1
hog_feature 3
12
8 2 18 36
4_cells_hog
5.923892e+02 6.388007e-02 -5.309297e-01
0.000000e+00 0.000000e+00 0.000000e+00
0.000000e+00 0.000000e+00 0.000000e+00

6
hog_feature 3
18
12 14 10 20
4_cells_hog
0.000000e+00 0.000000e+00 0.000000e+00
2.138239e+02 7.122009e-02 -6.392399e-01
1.467756e+02 1.786841e-01 -3.384273e-01

3
hog_feature 3
20
10 4 10 20
4_cells_hog
1.151697e+02 -2.207835e-01 1.656835e-01
2.062873e+02 9.471948e-02 -4.063652e-01
0.000000e+00 0.000000e+00 0.000000e+00

4
hog_feature 3
18
8 16 10 10
4_cells_hog
0.000000e+00 0.000000e+00 0.000000e+00
0.000000e+00 0.000000e+00 0.000000e+00
4.841429e+02 -1.058137e-01 5.279552e-01

2
hog_feature 3
32
24 8 10 20
4_cells_hog
0.000000e+00 0.000000e+00 0.000000e+00
9.113055e+01 1.691875e-01 -5.350760e-01
0.000000e+00 0.000000e+00 0.000000e+00

5
hog_feature 3
1
10 30 12 6
4_cells_hog
3.201706e+01 1.302871e-01 -2.259745e-01
0.000000e+00 0.000000e+00 0.000000e+00
1.837822e+02 5.753949e-02 -7.542549e-01

3
hog_feature 3
32
14 26 6 12
4_cells_hog
1.837115e+01 1.393166e-01 -1.978649e-01
4.167627e+01 1.163674e-01 -4.274803e-01
0.000000e+00 0.000000e+00 0.000000e+00

4
hog_feature 3
16
4 14 6 6
4_cells_hog
0.000000e+00 0.000000e+00 0.000000e+00
0.000000e+00 0.000000e+00 0.000000e+00
5.783276e+01 -1.327615e-01 4.173833e-01

2
var_feature 2
1
2 20 11 4
one_rect_var
0.000000e+00 0.000000e+00 0.000000e+00
1.104083e+03 -2.438774e-01 3.596293e-01
0.000000e+00 0.000000e+00 0.000000e+00

5
haar_feature 1
2
16 28 7 12 0 -1
16 32 7 4 0 3
haar_y3_0
1.078473e-02 -9.845442e-02 3.430106e-01
0.000000e+00 0.000000e+00 0.000000e+00
-1.504437e-02 4.873128e-01 -6.720586e-02

3
haar_feature 1
2
18 14 3 22 0 -1
18 25 3 11 0 2
haar_y2
-9.849017e-05 1.259544e-01 -2.517424e-01
-7.122375e-03 -7.463729e-01 9.032847e-02
0.000000e+00 0.000000e+00 0.000000e+00

4
hog_feature 3
14
6 4 14 28
4_cells_hog
0.000000e+00 0.000000e+00 0.000000e+00
0.000000e+00 0.000000e+00 0.000000e+00
2.214880e+02 1.136635e-01 -5.327083e-01

1
hog_feature 3
11
14 12 12 24
4_cells_hog
1.838495e+01 -6.404312e-01 5.360841e-02
0.000000e+00 0.000000e+00 0.000000e+00
0.000000e+00 0.000000e+00 0.000000e+00

6
hog_feature 3
3
20 16 10 10
4_cells_hog
0.000000e+00 0.000000e+00 0.000000e+00
4.807977e+01 -2.659367e-01 1.819183e-01
2.236115e+00 -4.666643e-01 1.079883e-01

3
hog_feature 3
20
0 4 12 24
4_cells_hog
5.665833e+01 1.616587e-01 -1.796903e-01
2.707577e+02 1.021305e-01 -6.418934e-01
0.000000e+00 0.000000e+00 0.000000e+00

4
hog_feature 3
13
10 26 8 8
4_cells_hog
0.000000e+00 0.000000e+00 0.000000e+00
0.000000e+00 0.000000e+00 0.000000e+00
5.000015e+00 1.640637e-01 -3.098154e-01

2
hog_feature 3
16
26 0 12 6
4_cells_hog
0.000000e+00 0.000000e+00 0.000000e+00
2.937466e+01 1.881199e-01 -4.545227e-01
0.000000e+00 0.000000e+00 0.000000e+00

5
hog_feature 3
4
12 0 14 14
4_cells_hog
5.000000e-01 -4.823374e-01 3.499078e-02
0.000000e+00 0.000000e+00 0.000000e+00
4.029843e+01 -3.369623e-01 1.583064e-01

5
haar_feature 1
2
14 10 12 9 0 -1
14 10 4 9 0 3
haar_x3_1
-2.707576e-02 -2.549715e-01 7.589030e-02
0.000000e+00 0.000000e+00 0.000000e+00
2.598346e-02 8.268575e-02 -5.578733e-01

1
hog_feature 3
10
26 0 6 6
4_cells_hog
4.678847e+01 7.199115e-02 -4.433046e-01
0.000000e+00 0.000000e+00 0.000000e+00
0.000000e+00 0.000000e+00 0.000000e+00

1
hog_feature 3
28
16 2 16 8
4_cells_hog
4.151136e+02 -8.373830e-02 4.339280e-01
0.000000e+00 0.000000e+00 0.000000e+00
0.000000e+00 0.000000e+00 0.000000e+00

1
hog_feature 3
10
0 18 36 18
4_cells_hog
4.593457e+02 1.622105e-01 -2.327211e-01
0.000000e+00 0.000000e+00 0.000000e+00
0.000000e+00 0.000000e+00 0.000000e+00

1
var_feature 2
1
20 8 6 7
one_rect_var
1.252942e+02 -5.139803e-01 6.397916e-02
0.000000e+00 0.000000e+00 0.000000e+00
0.000000e+00 0.000000e+00 0.000000e+00

1
hog_feature 3
22
18 28 10 10
4_cells_hog
1.260311e+02 5.831758e-02 -5.572277e-01
0.000000e+00 0.000000e+00 0.000000e+00
0.000000e+00 0.000000e+00 0.000000e+00

1
haar_feature 1
2
4 16 36 7 0 -1
16 16 12 7 0 3
haar_x3_0
1.269768e-01 -1.044139e-01 3.487326e-01
0.000000e+00 0.000000e+00 0.000000e+00
0.000000e+00 0.000000e+00 0.000000e+00

1
hog_feature 3
5
14 2 20 20
4_cells_hog
2.745132e+02 9.958220e-02 -4.081399e-01
0.000000e+00 0.000000e+00 0.000000e+00
0.000000e+00 0.000000e+00 0.000000e+00

1
hog_feature 3
28
22 26 6 12
4_cells_hog
2.368177e+02 -6.396310e-02 5.320675e-01
0.000000e+00 0.000000e+00 0.000000e+00
0.000000e+00 0.000000e+00 0.000000e+00

1
hog_feature 3
30
10 8 16 8
4_cells_hog
2.598075e+01 1.627681e-01 -2.185773e-01
0.000000e+00 0.000000e+00 0.000000e+00
0.000000e+00 0.000000e+00 0.000000e+00

1
hog_feature 3
6
12 10 14 28
4_cells_hog
5.754691e+02 -1.021814e-01 3.269630e-01
0.000000e+00 0.000000e+00 0.000000e+00
0.000000e+00 0.000000e+00 0.000000e+00

1
hog_feature 3
11
14 32 12 6
4_cells_hog
1.479666e+02 -6.665034e-02 5.060578e-01
0.000000e+00 0.000000e+00 0.000000e+00
0.000000e+00 0.000000e+00 0.000000e+00

1
var_feature 2
1
18 16 8 15
one_rect_var
1.189178e+03 1.139717e-01 -3.540927e-01
0.000000e+00 0.000000e+00 0.000000e+00
0.000000e+00 0.000000e+00 0.000000e+00

1
hog_feature 3
8
8 24 28 14
4_cells_hog
1.167158e+02 -6.192297e-01 4.902102e-02
0.000000e+00 0.000000e+00 0.000000e+00
0.000000e+00 0.000000e+00 0.000000e+00

1
hog_feature 3
8
2 0 14 28
4_cells_hog
8.844637e+01 2.647708e-01 -1.386055e-01
0.000000e+00 0.000000e+00 0.000000e+00
0.000000e+00 0.000000e+00 0.000000e+00

1
hog_feature 3
19
22 8 16 8
4_cells_hog
1.001419e+02 -2.093409e-01 1.594834e-01
0.000000e+00 0.000000e+00 0.000000e+00
0.000000e+00 0.000000e+00 0.000000e+00

44
1 3 4 6 8 9 11 13 15 17 19 22 23 25 28 30 31 32 34 36 38 41 42 45 46 48 50 53 54 55 56 57 58 59 60 61 62 63 64 65 66 67 68 69 
-1.367167e+00
28
0 2 4 6 8 9 12 14 15 17 20 21 23 26 27 29 31 33 35 37 38 40 42 44 46 49 50 52 
-1.431312e+00
29
1 3 5 7 8 10 12 14 16 18 20 22 24 26 28 30 31 33 35 37 39 41 43 45 47 49 51 53 54 
-1.267863e+00

12
-1
