13
1
hog_feature 3
25
12 26 6 12
4_cells_hog
1.428914e+02 -6.687117e-01 1.775701e-01
0.000000e+00 0.000000e+00 0.000000e+00
0.000000e+00 0.000000e+00 0.000000e+00

6
hog_feature 3
18
18 24 12 12
4_cells_hog
0.000000e+00 0.000000e+00 0.000000e+00
1.070773e+02 -1.341772e-01 -8.758621e-01
5.004883e-01 4.634146e-01 -5.683453e-01

2
hog_feature 3
25
4 22 16 16
4_cells_hog
0.000000e+00 0.000000e+00 0.000000e+00
9.035263e+01 4.667525e-01 -4.524775e-01
0.000000e+00 0.000000e+00 0.000000e+00

5
haar_feature 1
2
16 16 9 11 0 -1
19 16 3 11 0 3
haar_x3_0
4.519213e-03 2.044057e-01 -8.804985e-01
0.000000e+00 0.000000e+00 0.000000e+00
-4.452929e-03 3.049658e-01 -3.108987e-01

2
hog_feature 3
3
14 10 10 20
4_cells_hog
0.000000e+00 0.000000e+00 0.000000e+00
3.855420e+02 -5.194039e-01 4.459001e-01
0.000000e+00 0.000000e+00 0.000000e+00

5
haar_feature 1
2
12 24 12 10 0 -1
12 29 12 5 0 2
haar_y2
-1.398505e-04 -5.665259e-01 2.310631e-01
0.000000e+00 0.000000e+00 0.000000e+00
-3.539130e-03 2.702740e-01 -6.170481e-01

3
hog_feature 3
3
18 4 14 14
4_cells_hog
9.873953e+01 3.076093e-01 -6.804737e-01
1.265989e+02 2.353758e-01 -5.548203e-01
0.000000e+00 0.000000e+00 0.000000e+00

4
hog_feature 3
35
22 12 10 20
4_cells_hog
0.000000e+00 0.000000e+00 0.000000e+00
0.000000e+00 0.000000e+00 0.000000e+00
1.520771e+02 -7.157733e-01 2.705643e-01

1
hog_feature 3
35
6 10 10 20
4_cells_hog
2.217939e+02 -8.130344e-01 3.043768e-01
0.000000e+00 0.000000e+00 0.000000e+00
0.000000e+00 0.000000e+00 0.000000e+00

6
hog_feature 3
18
14 18 16 16
4_cells_hog
0.000000e+00 0.000000e+00 0.000000e+00
2.514484e+02 1.976195e-01 -6.982266e-01
2.298632e+02 1.416756e-01 -9.236527e-01

6
hog_feature 3
31
14 10 14 28
4_cells_hog
0.000000e+00 0.000000e+00 0.000000e+00
2.703677e+02 1.595726e-01 -7.228453e-01
2.374351e+02 1.839842e-01 -7.435325e-01

6
hog_feature 3
2
10 14 14 14
4_cells_hog
0.000000e+00 0.000000e+00 0.000000e+00
1.291159e+02 -8.513336e-01 2.662241e-01
3.802487e+02 1.769004e-02 -8.677381e-01

4
var_feature 2
1
16 30 7 10
one_rect_var
0.000000e+00 0.000000e+00 0.000000e+00
0.000000e+00 0.000000e+00 0.000000e+00
2.815808e+02 -9.150644e-01 2.391360e-01

5
0 3 5 6 8 
-7.386680e-01
7
1 2 4 6 9 10 11 
-1.141205e+00
8
1 3 5 7 9 10 11 12 
-1.053910e+00

7
-1
