11
2
hog_feature 3
30
2 6 12 24
4_cells_hog
0.000000e+00 0.000000e+00 0.000000e+00
8.156657e+01 2.452830e-01 -6.067796e-01
0.000000e+00 0.000000e+00 0.000000e+00

5
hog_feature 3
26
0 6 16 32
4_cells_hog
5.152543e+02 -4.615385e-01 5.576037e-01
0.000000e+00 0.000000e+00 0.000000e+00
7.169761e+02 -2.848485e-01 4.971429e-01

3
var_feature 2
1
16 36 4 4
one_rect_var
3.295293e+02 3.630276e-01 -6.626661e-01
3.557773e+02 1.361719e-01 -7.207705e-01
0.000000e+00 0.000000e+00 0.000000e+00

4
hog_feature 3
29
20 0 14 28
4_cells_hog
0.000000e+00 0.000000e+00 0.000000e+00
0.000000e+00 0.000000e+00 0.000000e+00
5.791750e+02 -6.488287e-01 3.551230e-01

3
hog_feature 3
33
20 4 18 18
4_cells_hog
8.888037e+01 4.563328e-01 -4.828759e-01
1.698188e+02 2.417146e-01 -5.726503e-01
0.000000e+00 0.000000e+00 0.000000e+00

4
haar_feature 1
2
6 24 21 5 0 -1
20 24 7 5 0 2
haar_x3_5
0.000000e+00 0.000000e+00 0.000000e+00
0.000000e+00 0.000000e+00 0.000000e+00
-5.904560e-02 -8.416005e-01 2.526653e-01

1
hog_feature 3
27
24 18 12 6
4_cells_hog
6.118384e+01 -7.806745e-01 4.811589e-01
0.000000e+00 0.000000e+00 0.000000e+00
0.000000e+00 0.000000e+00 0.000000e+00

6
hog_feature 3
19
16 10 18 18
4_cells_hog
0.000000e+00 0.000000e+00 0.000000e+00
2.025457e+02 -8.987930e-01 1.949827e-01
5.017670e+02 1.338792e-01 -3.920134e-01

6
var_feature 2
1
6 10 5 11
one_rect_var
0.000000e+00 0.000000e+00 0.000000e+00
3.622203e+02 -9.129934e-01 1.343376e-01
4.708398e+02 -5.978983e-01 1.585263e-01

4
hog_feature 3
8
14 12 12 6
4_cells_hog
0.000000e+00 0.000000e+00 0.000000e+00
0.000000e+00 0.000000e+00 0.000000e+00
2.273041e+01 -8.082108e-01 2.577809e-01

4
haar_feature 1
3
18 18 6 6 0 -1
18 18 3 3 0 2
21 21 3 3 0 2
haar_x2_y2
0.000000e+00 0.000000e+00 0.000000e+00
0.000000e+00 0.000000e+00 0.000000e+00
1.305469e-03 -4.955117e-01 4.287868e-01

4
1 2 4 6 
-3.429191e-01
5
0 2 4 7 8 
-7.565152e-01
7
1 3 5 7 8 9 10 
-7.166513e-01

12
-1
