12
2
hog_feature 3
7
2 8 18 18
4_cells_hog
0.000000e+00 0.000000e+00 0.000000e+00
3.959381e+02 -7.341772e-01 8.029197e-02
0.000000e+00 0.000000e+00 0.000000e+00

5
hog_feature 3
34
2 22 8 16
4_cells_hog
1.461481e+02 -7.099698e-01 9.652510e-02
0.000000e+00 0.000000e+00 0.000000e+00
4.464022e+02 -5.323591e-01 4.054054e-01

3
var_feature 2
1
8 16 13 4
one_rect_var
1.147081e+03 1.660563e-01 -8.316505e-01
8.745747e+02 2.499650e-01 -6.299967e-01
0.000000e+00 0.000000e+00 0.000000e+00

4
hog_feature 3
27
8 0 14 14
4_cells_hog
0.000000e+00 0.000000e+00 0.000000e+00
0.000000e+00 0.000000e+00 0.000000e+00
1.653474e+02 -7.682517e-01 2.405534e-01

2
hog_feature 3
16
0 16 20 10
4_cells_hog
0.000000e+00 0.000000e+00 0.000000e+00
3.657776e+02 -4.255781e-01 6.218945e-01
0.000000e+00 0.000000e+00 0.000000e+00

5
hog_feature 3
29
18 14 10 20
4_cells_hog
2.610649e+02 -5.689234e-01 3.908743e-01
0.000000e+00 0.000000e+00 0.000000e+00
3.508719e+02 -5.456854e-01 2.863716e-01

3
hog_feature 3
27
6 2 32 16
4_cells_hog
9.888766e+02 -5.103577e-01 4.795251e-01
6.534084e+02 -4.988503e-01 3.059641e-01
0.000000e+00 0.000000e+00 0.000000e+00

4
hog_feature 3
12
6 4 20 20
4_cells_hog
0.000000e+00 0.000000e+00 0.000000e+00
0.000000e+00 0.000000e+00 0.000000e+00
2.944215e+02 3.740242e-01 -6.353803e-01

1
haar_feature 1
2
8 16 11 18 0 -1
8 28 11 6 0 3
haar_y3_2
6.555371e-03 -9.298448e-01 2.847911e-01
0.000000e+00 0.000000e+00 0.000000e+00
0.000000e+00 0.000000e+00 0.000000e+00

6
hog_feature 3
26
12 24 24 12
4_cells_hog
0.000000e+00 0.000000e+00 0.000000e+00
1.137765e+02 3.682532e-01 -4.907944e-01
2.467502e+02 2.388721e-01 -7.299299e-01

4
haar_feature 1
2
18 22 12 10 0 -1
22 22 4 10 0 3
haar_x3_0
0.000000e+00 0.000000e+00 0.000000e+00
0.000000e+00 0.000000e+00 0.000000e+00
3.914424e-03 -7.611081e-01 2.955388e-01

4
hog_feature 3
17
12 10 14 28
4_cells_hog
0.000000e+00 0.000000e+00 0.000000e+00
0.000000e+00 0.000000e+00 0.000000e+00
4.255541e+02 -7.141041e-01 2.698841e-01

5
1 2 5 6 8 
-1.338403e+00
5
0 2 4 6 9 
-1.094621e+00
7
1 3 5 7 9 10 11 
-8.931663e-01

7
-1
