11
1
hog_feature 3
34
14 0 14 28
4_cells_hog
2.314529e+02 -9.285714e-01 6.272727e-01
0.000000e+00 0.000000e+00 0.000000e+00
0.000000e+00 0.000000e+00 0.000000e+00

6
hog_feature 3
33
6 2 18 36
4_cells_hog
0.000000e+00 0.000000e+00 0.000000e+00
5.378441e+02 -5.675676e-01 5.619048e-01
4.549290e+02 -7.021276e-01 4.122449e-01

2
hog_feature 3
30
14 18 10 10
4_cells_hog
0.000000e+00 0.000000e+00 0.000000e+00
5.813208e+01 -5.467020e-01 5.802249e-01
0.000000e+00 0.000000e+00 0.000000e+00

5
haar_feature 1
2
4 20 27 11 0 -1
22 20 9 11 0 3
haar_x3_2
-5.095039e-02 -6.201129e-01 3.315390e-01
0.000000e+00 0.000000e+00 0.000000e+00
-8.518527e-03 -5.777486e-01 2.842521e-01

7
hog_feature 3
15
2 2 36 18
4_cells_hog
3.988155e+02 3.787639e-01 -3.966832e-01
3.938127e+02 3.301306e-01 -4.144190e-01
2.006747e+02 6.202714e-01 -3.471405e-01

3
hog_feature 3
16
16 14 12 6
4_cells_hog
7.146100e+01 -3.761797e-01 5.224649e-01
3.800067e+01 -7.515793e-01 3.382005e-01
0.000000e+00 0.000000e+00 0.000000e+00

4
hog_feature 3
35
22 18 10 20
4_cells_hog
0.000000e+00 0.000000e+00 0.000000e+00
0.000000e+00 0.000000e+00 0.000000e+00
1.242415e+02 -6.678464e-01 3.825309e-01

1
hog_feature 3
24
20 18 18 18
4_cells_hog
2.913475e+02 5.233392e-01 -7.044870e-01
0.000000e+00 0.000000e+00 0.000000e+00
0.000000e+00 0.000000e+00 0.000000e+00

6
var_feature 2
1
16 16 4 5
one_rect_var
0.000000e+00 0.000000e+00 0.000000e+00
4.754011e+02 -7.282692e-01 2.943108e-01
7.393945e+02 -3.929606e-01 4.294027e-01

5
hog_feature 3
33
10 4 14 28
4_cells_hog
2.770532e+02 -7.393403e-01 3.586993e-01
0.000000e+00 0.000000e+00 0.000000e+00
1.647116e+02 -9.709846e-01 1.250916e-01

4
hog_feature 3
24
12 10 16 8
4_cells_hog
0.000000e+00 0.000000e+00 0.000000e+00
0.000000e+00 0.000000e+00 0.000000e+00
1.710612e+02 2.422461e-01 -9.040319e-01

6
0 3 4 5 7 9 
-1.598389e-01
5
1 2 4 5 8 
-1.516277e-01
7
1 3 4 6 8 9 10 
-4.400135e-01

13
-1
