63
2
haar_feature 1
2
22 6 5 21 0 -1
22 13 5 7 0 3
haar_y3_0
0.000000e+00 0.000000e+00 0.000000e+00
-4.026072e-02 2.879177e-01 -5.541343e-01
0.000000e+00 0.000000e+00 0.000000e+00

5
haar_feature 1
2
0 2 39 36 0 -1
13 2 13 36 0 2
haar_x3_3
-4.361141e-01 -4.730769e-01 -4.524887e-03
0.000000e+00 0.000000e+00 0.000000e+00
-2.567403e-01 -4.571429e-01 2.602740e-01

3
hog_feature 3
33
2 6 30 30
4_cells_hog
2.157320e+03 4.201511e-03 -8.395083e-01
4.574114e+02 1.035690e-01 -7.503690e-01
0.000000e+00 0.000000e+00 0.000000e+00

4
hog_feature 3
19
26 24 12 6
4_cells_hog
0.000000e+00 0.000000e+00 0.000000e+00
0.000000e+00 0.000000e+00 0.000000e+00
1.050563e+02 -2.763044e-01 3.104158e-01

2
haar_feature 1
3
4 22 14 10 0 -1
4 22 7 5 0 2
11 27 7 5 0 2
haar_x2_y2
0.000000e+00 0.000000e+00 0.000000e+00
5.848885e-03 -4.596466e-01 2.234749e-01
0.000000e+00 0.000000e+00 0.000000e+00

5
hog_feature 3
32
0 0 28 14
4_cells_hog
4.204275e+01 2.891387e-01 -1.735587e-01
0.000000e+00 0.000000e+00 0.000000e+00
1.019830e+02 1.403920e-01 -2.680822e-01

3
hog_feature 3
18
2 4 10 20
4_cells_hog
5.709867e+01 1.948788e-01 -1.646593e-01
5.173071e+02 -1.827607e-01 4.881470e-01
0.000000e+00 0.000000e+00 0.000000e+00

4
var_feature 2
1
14 2 4 7
one_rect_var
0.000000e+00 0.000000e+00 0.000000e+00
0.000000e+00 0.000000e+00 0.000000e+00
3.580125e+02 -3.184830e-01 2.576310e-01

2
hog_feature 3
20
8 8 14 28
4_cells_hog
0.000000e+00 0.000000e+00 0.000000e+00
1.110031e+02 2.614137e-01 -4.300693e-01
0.000000e+00 0.000000e+00 0.000000e+00

5
var_feature 2
1
14 20 6 4
one_rect_var
4.616523e+02 -1.256954e-01 1.205306e-01
0.000000e+00 0.000000e+00 0.000000e+00
1.541455e+02 1.657072e-01 -4.385424e-01

1
hog_feature 3
27
14 10 10 20
4_cells_hog
1.268218e+02 1.884640e-01 -3.068383e-01
0.000000e+00 0.000000e+00 0.000000e+00
0.000000e+00 0.000000e+00 0.000000e+00

6
hog_feature 3
1
18 14 10 10
4_cells_hog
0.000000e+00 0.000000e+00 0.000000e+00
1.391843e+01 -4.528026e-01 1.354369e-01
1.271373e+01 -4.646180e-01 1.330716e-01

1
haar_feature 1
3
24 8 8 14 0 -1
24 8 4 7 0 2
28 15 4 7 0 2
haar_x2_y2
-2.024749e-02 5.797233e-01 -9.755232e-02
0.000000e+00 0.000000e+00 0.000000e+00
0.000000e+00 0.000000e+00 0.000000e+00

6
var_feature 2
1
8 0 6 4
one_rect_var
0.000000e+00 0.000000e+00 0.000000e+00
2.935953e+01 3.441798e-01 -2.113294e-01
1.043315e+02 2.674591e-01 -1.722768e-01

3
hog_feature 3
7
6 12 26 26
4_cells_hog
9.343242e+02 -7.786201e-02 2.137612e-01
2.761322e+02 -6.288105e-01 1.561117e-01
0.000000e+00 0.000000e+00 0.000000e+00

4
hog_feature 3
17
6 8 10 20
4_cells_hog
0.000000e+00 0.000000e+00 0.000000e+00
0.000000e+00 0.000000e+00 0.000000e+00
1.781379e+02 -3.214533e-01 2.627279e-01

3
haar_feature 1
2
10 20 8 4 0 -1
14 20 4 4 0 2
haar_x2
1.838756e-02 -3.774570e-02 4.651573e-01
-4.345391e-04 1.419033e-01 -5.074825e-01
0.000000e+00 0.000000e+00 0.000000e+00

4
hog_feature 3
0
18 32 12 6
4_cells_hog
0.000000e+00 0.000000e+00 0.000000e+00
0.000000e+00 0.000000e+00 0.000000e+00
1.702936e+01 2.095730e-01 -3.478347e-01

2
hog_feature 3
15
14 26 16 8
4_cells_hog
0.000000e+00 0.000000e+00 0.000000e+00
7.072754e-01 4.199462e-01 -2.548550e-01
0.000000e+00 0.000000e+00 0.000000e+00

5
hog_feature 3
6
20 6 16 32
4_cells_hog
3.539435e+02 1.201251e-01 -3.154924e-01
0.000000e+00 0.000000e+00 0.000000e+00
2.083384e+02 1.283526e-01 -2.288796e-01

2
hog_feature 3
18
0 10 20 10
4_cells_hog
0.000000e+00 0.000000e+00 0.000000e+00
6.061927e+01 -6.743364e-01 1.447047e-01
0.000000e+00 0.000000e+00 0.000000e+00

5
hog_feature 3
16
6 4 14 28
4_cells_hog
1.854003e+03 -5.849071e-02 6.430898e-01
0.000000e+00 0.000000e+00 0.000000e+00
7.409232e+02 -8.909906e-02 4.722263e-01

1
hog_feature 3
18
4 16 16 16
4_cells_hog
4.065676e+02 -1.382814e-01 3.217417e-01
0.000000e+00 0.000000e+00 0.000000e+00
0.000000e+00 0.000000e+00 0.000000e+00

6
var_feature 2
1
20 28 4 4
one_rect_var
0.000000e+00 0.000000e+00 0.000000e+00
1.880684e+02 1.999732e-01 -5.270641e-01
1.998047e+00 3.998725e-01 -4.880046e-02

3
haar_feature 1
2
6 4 33 5 0 -1
17 4 11 5 0 3
haar_x3_0
-6.771531e-02 -5.846940e-01 3.914495e-02
5.008455e-02 -1.782825e-01 5.009932e-01
0.000000e+00 0.000000e+00 0.000000e+00

4
hog_feature 3
19
22 10 16 16
4_cells_hog
0.000000e+00 0.000000e+00 0.000000e+00
0.000000e+00 0.000000e+00 0.000000e+00
9.222342e+01 -4.523952e-01 1.567457e-01

1
hog_feature 3
26
18 6 12 24
4_cells_hog
5.363538e+02 7.546978e-02 -5.760756e-01
0.000000e+00 0.000000e+00 0.000000e+00
0.000000e+00 0.000000e+00 0.000000e+00

6
var_feature 2
1
12 10 17 21
one_rect_var
0.000000e+00 0.000000e+00 0.000000e+00
1.681195e+03 1.686530e-01 -5.926865e-01
1.774205e+03 6.893300e-02 -3.504202e-01

1
hog_feature 3
19
22 24 14 14
4_cells_hog
3.802152e+02 -1.005645e-01 4.634451e-01
0.000000e+00 0.000000e+00 0.000000e+00
0.000000e+00 0.000000e+00 0.000000e+00

6
haar_feature 1
2
10 32 17 6 0 -1
10 35 17 3 0 2
haar_y2
0.000000e+00 0.000000e+00 0.000000e+00
-6.364222e-03 2.154184e-01 -2.235133e-01
-1.285977e-02 3.316868e-01 -1.964349e-01

3
hog_feature 3
22
6 22 32 16
4_cells_hog
4.546247e+02 9.367372e-02 -4.571300e-01
1.819116e+02 2.059637e-01 -2.119618e-01
0.000000e+00 0.000000e+00 0.000000e+00

4
haar_feature 1
2
18 18 5 9 0 -1
18 21 5 3 0 3
haar_y3_0
0.000000e+00 0.000000e+00 0.000000e+00
0.000000e+00 0.000000e+00 0.000000e+00
-1.191716e-05 2.220855e-01 -2.923797e-01

3
var_feature 2
1
14 2 4 21
one_rect_var
1.229491e+02 -6.488864e-01 2.236067e-02
5.952710e+02 -4.892812e-01 1.892921e-01
0.000000e+00 0.000000e+00 0.000000e+00

4
hog_feature 3
30
8 22 10 10
4_cells_hog
0.000000e+00 0.000000e+00 0.000000e+00
0.000000e+00 0.000000e+00 0.000000e+00
7.335087e+00 2.431545e-01 -2.974261e-01

1
hog_feature 3
10
4 6 14 14
4_cells_hog
5.817090e+01 2.066710e-01 -2.322010e-01
0.000000e+00 0.000000e+00 0.000000e+00
0.000000e+00 0.000000e+00 0.000000e+00

6
hog_feature 3
11
24 2 14 14
4_cells_hog
0.000000e+00 0.000000e+00 0.000000e+00
9.245520e+01 1.615912e-01 -4.382324e-01
4.929242e+01 1.942177e-01 -1.982594e-01

1
hog_feature 3
6
14 14 20 20
4_cells_hog
9.880270e+01 -5.447356e-01 8.786249e-02
0.000000e+00 0.000000e+00 0.000000e+00
0.000000e+00 0.000000e+00 0.000000e+00

6
hog_feature 3
19
26 12 12 24
4_cells_hog
0.000000e+00 0.000000e+00 0.000000e+00
1.897563e+02 -3.561247e-01 2.511303e-01
5.128403e+01 -5.515101e-01 7.270261e-02

2
haar_feature 1
2
12 12 9 6 0 -1
12 15 9 3 0 2
haar_y2
0.000000e+00 0.000000e+00 0.000000e+00
-1.636833e-03 2.291277e-01 -4.321767e-01
0.000000e+00 0.000000e+00 0.000000e+00

5
haar_feature 1
2
16 10 9 12 0 -1
16 18 9 4 0 2
haar_y3_5
-7.624993e-02 -2.248626e-01 1.028607e-01
0.000000e+00 0.000000e+00 0.000000e+00
-8.071108e-02 -4.414669e-01 1.308592e-01

2
var_feature 2
1
0 8 4 4
one_rect_var
0.000000e+00 0.000000e+00 0.000000e+00
5.558594e+00 5.140640e-01 -1.824475e-01
0.000000e+00 0.000000e+00 0.000000e+00

5
haar_feature 1
3
24 14 6 8 0 -1
24 14 3 4 0 2
27 18 3 4 0 2
haar_x2_y2
1.045052e-03 -1.325748e-01 1.744930e-01
0.000000e+00 0.000000e+00 0.000000e+00
3.198818e-03 -1.458169e-01 3.479984e-01

1
hog_feature 3
24
2 8 18 18
4_cells_hog
1.157318e+02 1.881727e-01 -2.484809e-01
0.000000e+00 0.000000e+00 0.000000e+00
0.000000e+00 0.000000e+00 0.000000e+00

6
hog_feature 3
22
14 6 10 10
4_cells_hog
0.000000e+00 0.000000e+00 0.000000e+00
1.237896e+02 1.510431e-01 -5.912174e-01
1.111498e+02 3.858839e-02 -8.108619e-01

5
var_feature 2
1
24 12 5 5
one_rect_var
8.621912e+01 -3.971505e-01 6.953883e-02
0.000000e+00 0.000000e+00 0.000000e+00
6.191631e+02 -1.689395e-01 2.345737e-01

5
hog_feature 3
27
10 18 8 16
4_cells_hog
1.116213e+02 1.116103e-01 -2.495198e-01
0.000000e+00 0.000000e+00 0.000000e+00
2.863483e+01 2.185377e-01 -1.989330e-01

5
hog_feature 3
8
28 12 6 6
4_cells_hog
8.109113e+01 7.357299e-02 -3.666801e-01
0.000000e+00 0.000000e+00 0.000000e+00
4.657062e+01 1.218685e-01 -3.578151e-01

5
haar_feature 1
2
16 12 12 10 0 -1
22 12 6 10 0 2
haar_x2
2.274685e-02 7.998402e-02 -5.199617e-01
0.000000e+00 0.000000e+00 0.000000e+00
2.386255e-02 5.088776e-02 -4.196139e-01

5
haar_feature 1
2
8 10 23 30 0 -1
8 10 23 10 0 3
haar_y3_1
-2.225114e-01 -5.989015e-01 3.152223e-02
0.000000e+00 0.000000e+00 0.000000e+00
-2.227595e-01 -8.002017e-01 5.788692e-02

5
hog_feature 3
31
14 0 8 16
4_cells_hog
1.862415e+01 1.107095e-01 -1.632519e-01
0.000000e+00 0.000000e+00 0.000000e+00
2.000092e+00 2.843933e-01 -1.826715e-01

5
hog_feature 3
1
4 18 28 14
4_cells_hog
6.923343e+01 -5.745698e-01 7.218792e-02
0.000000e+00 0.000000e+00 0.000000e+00
2.716023e+01 -5.430208e-01 4.150632e-02

5
hog_feature 3
33
12 14 16 16
4_cells_hog
1.532452e+01 -7.906989e-01 3.822313e-02
0.000000e+00 0.000000e+00 0.000000e+00
1.414429e+00 -7.345774e-01 3.455650e-02

5
hog_feature 3
11
26 28 10 10
4_cells_hog
9.899597e+00 1.744809e-01 -1.523913e-01
0.000000e+00 0.000000e+00 0.000000e+00
8.485321e+00 2.504365e-01 -1.650548e-01

1
haar_feature 1
2
6 6 27 14 0 -1
15 6 9 14 0 3
haar_x3_0
1.539567e-01 7.831875e-02 -6.076943e-01
0.000000e+00 0.000000e+00 0.000000e+00
0.000000e+00 0.000000e+00 0.000000e+00

1
hog_feature 3
17
6 6 12 12
4_cells_hog
6.603660e+02 -8.779414e-02 5.301499e-01
0.000000e+00 0.000000e+00 0.000000e+00
0.000000e+00 0.000000e+00 0.000000e+00

1
hog_feature 3
8
6 0 16 8
4_cells_hog
1.425749e+02 1.342792e-01 -3.134610e-01
0.000000e+00 0.000000e+00 0.000000e+00
0.000000e+00 0.000000e+00 0.000000e+00

1
haar_feature 1
2
16 30 3 6 0 -1
16 33 3 3 0 2
haar_y2
2.472382e-05 -2.054258e-01 1.939298e-01
0.000000e+00 0.000000e+00 0.000000e+00
0.000000e+00 0.000000e+00 0.000000e+00

1
haar_feature 1
2
20 6 11 27 0 -1
20 6 11 9 0 2
haar_y3_4
-7.448387e-02 7.121913e-02 -5.818394e-01
0.000000e+00 0.000000e+00 0.000000e+00
0.000000e+00 0.000000e+00 0.000000e+00

1
haar_feature 1
2
2 8 30 29 0 -1
12 8 10 29 0 2
haar_x3_3
-5.368667e-01 -3.221212e-01 1.392523e-01
0.000000e+00 0.000000e+00 0.000000e+00
0.000000e+00 0.000000e+00 0.000000e+00

1
var_feature 2
1
22 20 4 4
one_rect_var
3.071680e+01 4.272332e-01 -1.052178e-01
0.000000e+00 0.000000e+00 0.000000e+00
0.000000e+00 0.000000e+00 0.000000e+00

1
hog_feature 3
9
4 4 28 28
4_cells_hog
1.301869e+03 -1.949507e-01 2.222111e-01
0.000000e+00 0.000000e+00 0.000000e+00
0.000000e+00 0.000000e+00 0.000000e+00

1
hog_feature 3
26
18 10 14 28
4_cells_hog
3.680239e+02 1.317575e-01 -3.332682e-01
0.000000e+00 0.000000e+00 0.000000e+00
0.000000e+00 0.000000e+00 0.000000e+00

1
hog_feature 3
21
2 8 26 26
4_cells_hog
6.367948e+02 7.453947e-02 -5.449941e-01
0.000000e+00 0.000000e+00 0.000000e+00
0.000000e+00 0.000000e+00 0.000000e+00

41
1 2 5 6 9 10 12 14 16 19 21 22 24 26 28 30 32 34 36 39 41 42 44 45 46 47 48 49 50 51 52 53 54 55 56 57 58 59 60 61 62 
-1.480383e+00
22
0 2 4 6 8 11 13 14 16 18 20 23 24 27 29 30 32 35 37 38 40 43 
-1.905974e+00
31
1 3 5 7 9 11 13 15 17 19 21 23 25 27 29 31 33 35 37 39 41 43 44 45 46 47 48 49 50 51 52 
-1.473893e+00

10
-1
