14
1
hog_feature 3
35
6 16 8 16
4_cells_hog
5.311548e+02 -5.427251e-01 5.140187e-01
0.000000e+00 0.000000e+00 0.000000e+00
0.000000e+00 0.000000e+00 0.000000e+00

6
hog_feature 3
35
22 12 10 20
4_cells_hog
0.000000e+00 0.000000e+00 0.000000e+00
1.019115e+02 -8.554217e-01 -1.016043e-01
4.609104e+02 -5.968992e-01 3.333333e-01

3
hog_feature 3
27
12 4 12 6
4_cells_hog
5.035730e+01 -8.332377e-01 1.953704e-01
7.007275e+01 -5.261016e-01 2.510668e-01
0.000000e+00 0.000000e+00 0.000000e+00

4
hog_feature 3
1
22 14 10 20
4_cells_hog
0.000000e+00 0.000000e+00 0.000000e+00
0.000000e+00 0.000000e+00 0.000000e+00
8.906360e+01 -8.401761e-01 2.902589e-01

1
hog_feature 3
5
14 18 18 18
4_cells_hog
2.729187e+02 -7.153340e-01 3.340942e-01
0.000000e+00 0.000000e+00 0.000000e+00
0.000000e+00 0.000000e+00 0.000000e+00

6
haar_feature 1
2
18 22 10 18 0 -1
18 34 10 6 0 3
haar_y3_2
0.000000e+00 0.000000e+00 0.000000e+00
-5.058760e-03 1.822067e-01 -7.718690e-01
-2.679837e-02 2.744437e-01 -6.010131e-01

3
hog_feature 3
20
14 20 6 12
4_cells_hog
1.986957e+01 3.412408e-01 -5.584348e-01
2.828461e+00 3.432774e-01 -3.632556e-01
0.000000e+00 0.000000e+00 0.000000e+00

4
hog_feature 3
0
0 4 34 34
4_cells_hog
0.000000e+00 0.000000e+00 0.000000e+00
0.000000e+00 0.000000e+00 0.000000e+00
1.712382e+03 -6.117031e-01 4.037018e-01

2
haar_feature 1
2
12 18 12 4 0 -1
12 18 4 4 0 2
haar_x3_4
0.000000e+00 0.000000e+00 0.000000e+00
-3.064339e-02 -6.349121e-01 3.732162e-01
0.000000e+00 0.000000e+00 0.000000e+00

5
var_feature 2
1
12 12 4 12
one_rect_var
1.813094e+03 -3.493384e-01 5.424500e-01
0.000000e+00 0.000000e+00 0.000000e+00
9.674048e+02 3.455577e-01 -4.657585e-01

7
hog_feature 3
15
24 4 14 28
4_cells_hog
2.301599e+01 7.688424e-01 -2.407871e-01
2.945138e+02 1.822205e-01 -5.706577e-01
5.168782e+01 5.988283e-01 -2.763776e-01

3
var_feature 2
1
16 36 7 4
one_rect_var
5.444226e+02 2.895190e-01 -7.595980e-01
1.022493e+02 -9.121039e-01 1.848962e-01
0.000000e+00 0.000000e+00 0.000000e+00

4
hog_feature 3
8
14 2 16 32
4_cells_hog
0.000000e+00 0.000000e+00 0.000000e+00
0.000000e+00 0.000000e+00 0.000000e+00
7.934623e+02 -7.023306e-01 3.673090e-01

1
hog_feature 3
28
12 28 20 10
4_cells_hog
1.270372e+02 -6.206037e-01 4.848441e-01
0.000000e+00 0.000000e+00 0.000000e+00
0.000000e+00 0.000000e+00 0.000000e+00

8
0 2 4 6 9 10 11 13 
-1.436886e+00
7
1 2 5 6 8 10 11 
-1.123835e+00
7
1 3 5 7 9 10 12 
-1.337846e+00

6
-1
