33
2
hog_feature 3
25
0 0 34 34
4_cells_hog
0.000000e+00 0.000000e+00 0.000000e+00
1.608140e+02 -1.000000e+00 9.291338e-01
0.000000e+00 0.000000e+00 0.000000e+00

5
hog_feature 3
26
4 2 32 32
4_cells_hog
2.118948e+02 -8.333333e-01 8.330206e-01
0.000000e+00 0.000000e+00 0.000000e+00
2.972584e+02 3.506494e-01 9.030928e-01

2
haar_feature 1
2
12 4 18 8 0 -1
18 4 6 8 0 3
haar_x3_0
0.000000e+00 0.000000e+00 0.000000e+00
-3.272811e-02 -6.096112e-01 7.315392e-01
0.000000e+00 0.000000e+00 0.000000e+00

5
hog_feature 3
20
20 20 18 18
4_cells_hog
3.347078e+02 2.520328e-01 6.818275e-01
0.000000e+00 0.000000e+00 0.000000e+00
1.400045e+02 -2.150958e-01 6.955894e-01

2
hog_feature 3
34
10 18 20 10
4_cells_hog
0.000000e+00 0.000000e+00 0.000000e+00
7.297614e+01 5.223723e-01 -7.028417e-01
0.000000e+00 0.000000e+00 0.000000e+00

5
hog_feature 3
26
20 6 6 12
4_cells_hog
2.911981e+01 -4.254843e-01 2.255431e-01
0.000000e+00 0.000000e+00 0.000000e+00
6.560559e+01 -1.866100e-01 6.942477e-01

3
hog_feature 3
21
20 12 10 10
4_cells_hog
1.933539e+02 -5.469138e-02 6.932397e-01
5.732147e+01 -4.712502e-01 6.129077e-01
0.000000e+00 0.000000e+00 0.000000e+00

4
haar_feature 1
3
22 28 18 10 0 -1
22 28 9 5 0 2
31 33 9 5 0 2
haar_x2_y2
0.000000e+00 0.000000e+00 0.000000e+00
0.000000e+00 0.000000e+00 0.000000e+00
1.172788e-02 -2.570185e-01 6.626261e-01

1
hog_feature 3
16
2 4 16 32
4_cells_hog
4.608733e+02 -2.780432e-01 4.191036e-01
0.000000e+00 0.000000e+00 0.000000e+00
0.000000e+00 0.000000e+00 0.000000e+00

6
hog_feature 3
33
18 20 14 14
4_cells_hog
0.000000e+00 0.000000e+00 0.000000e+00
4.242645e+00 7.581910e-01 -1.898027e-01
2.267471e+01 5.164728e-01 -2.487571e-01

1
hog_feature 3
32
2 18 10 20
4_cells_hog
1.950546e+01 6.054879e-01 -2.133935e-01
0.000000e+00 0.000000e+00 0.000000e+00
0.000000e+00 0.000000e+00 0.000000e+00

6
haar_feature 1
2
12 8 6 22 0 -1
15 8 3 22 0 2
haar_x2
0.000000e+00 0.000000e+00 0.000000e+00
7.082622e-03 1.700178e-01 -5.573838e-01
2.105617e-03 4.938174e-01 -3.687636e-01

1
hog_feature 3
2
8 16 22 22
4_cells_hog
1.664996e+02 -4.970797e-01 2.783582e-01
0.000000e+00 0.000000e+00 0.000000e+00
0.000000e+00 0.000000e+00 0.000000e+00

6
hog_feature 3
25
2 8 28 28
4_cells_hog
0.000000e+00 0.000000e+00 0.000000e+00
1.801071e+02 -8.429897e-01 3.370216e-01
1.442648e+03 -4.949903e-02 8.310682e-01

1
hog_feature 3
5
0 8 28 28
4_cells_hog
7.421548e+02 1.851279e-01 -6.451720e-01
0.000000e+00 0.000000e+00 0.000000e+00
0.000000e+00 0.000000e+00 0.000000e+00

6
hog_feature 3
18
16 20 6 6
4_cells_hog
0.000000e+00 0.000000e+00 0.000000e+00
3.662109e-04 3.597244e-01 -5.506532e-01
3.241176e+01 2.355847e-01 -5.855628e-01

3
hog_feature 3
11
28 18 10 10
4_cells_hog
6.423950e+00 4.973080e-01 -2.266287e-01
2.828384e+00 6.448708e-01 -2.219691e-01
0.000000e+00 0.000000e+00 0.000000e+00

4
hog_feature 3
25
2 18 8 8
4_cells_hog
0.000000e+00 0.000000e+00 0.000000e+00
0.000000e+00 0.000000e+00 0.000000e+00
4.472092e+00 5.968226e-01 -2.893235e-01

3
hog_feature 3
33
8 12 18 18
4_cells_hog
3.348202e+02 -2.248437e-01 5.018689e-01
1.119897e+02 2.318919e-01 -4.364012e-01
0.000000e+00 0.000000e+00 0.000000e+00

4
hog_feature 3
31
12 24 12 6
4_cells_hog
0.000000e+00 0.000000e+00 0.000000e+00
0.000000e+00 0.000000e+00 0.000000e+00
1.912720e+01 3.224375e-01 -5.278435e-01

3
haar_feature 1
2
10 4 21 10 0 -1
24 4 7 10 0 3
haar_x3_2
-4.615147e-02 -4.786240e-01 2.366685e-01
3.278294e-02 2.545984e-01 -4.335840e-01
0.000000e+00 0.000000e+00 0.000000e+00

4
hog_feature 3
20
24 12 14 14
4_cells_hog
0.000000e+00 0.000000e+00 0.000000e+00
0.000000e+00 0.000000e+00 0.000000e+00
2.247092e+02 -2.314791e-01 8.068486e-01

1
hog_feature 3
22
16 30 12 6
4_cells_hog
5.327930e+01 1.817840e-01 -6.473222e-01
0.000000e+00 0.000000e+00 0.000000e+00
0.000000e+00 0.000000e+00 0.000000e+00

6
hog_feature 3
25
8 24 20 10
4_cells_hog
0.000000e+00 0.000000e+00 0.000000e+00
3.376808e+02 -1.794009e-01 8.924315e-01
5.066656e+01 -4.362150e-01 4.033284e-01

1
hog_feature 3
35
2 10 12 6
4_cells_hog
1.500000e+00 7.175473e-01 -1.882240e-01
0.000000e+00 0.000000e+00 0.000000e+00
0.000000e+00 0.000000e+00 0.000000e+00

1
hog_feature 3
16
0 6 14 14
4_cells_hog
1.346835e+02 -2.094463e-01 5.441048e-01
0.000000e+00 0.000000e+00 0.000000e+00
0.000000e+00 0.000000e+00 0.000000e+00

1
hog_feature 3
31
12 0 14 14
4_cells_hog
1.043880e+02 2.252248e-01 -6.457157e-01
0.000000e+00 0.000000e+00 0.000000e+00
0.000000e+00 0.000000e+00 0.000000e+00

1
hog_feature 3
13
8 14 10 20
4_cells_hog
4.625162e+01 -4.386196e-01 2.638169e-01
0.000000e+00 0.000000e+00 0.000000e+00
0.000000e+00 0.000000e+00 0.000000e+00

1
hog_feature 3
24
8 32 12 6
4_cells_hog
4.812720e+01 2.707521e-01 -4.820977e-01
0.000000e+00 0.000000e+00 0.000000e+00
0.000000e+00 0.000000e+00 0.000000e+00

1
hog_feature 3
8
16 2 14 14
4_cells_hog
6.467195e+02 -1.567683e-01 7.334198e-01
0.000000e+00 0.000000e+00 0.000000e+00
0.000000e+00 0.000000e+00 0.000000e+00

1
haar_feature 1
2
2 22 27 4 0 -1
2 22 9 4 0 2
haar_x3_4
-8.997614e-02 4.922085e-01 -1.930599e-01
0.000000e+00 0.000000e+00 0.000000e+00
0.000000e+00 0.000000e+00 0.000000e+00

1
haar_feature 1
2
12 34 21 4 0 -1
19 34 7 4 0 3
haar_x3_0
-1.627162e-02 7.000018e-01 -1.424017e-01
0.000000e+00 0.000000e+00 0.000000e+00
0.000000e+00 0.000000e+00 0.000000e+00

1
haar_feature 1
3
20 30 10 8 0 -1
20 30 5 4 0 2
25 34 5 4 0 2
haar_x2_y2
-9.496205e-04 4.730909e-01 -2.289773e-01
0.000000e+00 0.000000e+00 0.000000e+00
0.000000e+00 0.000000e+00 0.000000e+00

21
1 3 5 6 8 10 12 14 16 18 20 22 24 25 26 27 28 29 30 31 32 
-9.079231e-02
12
0 2 4 6 9 11 13 15 16 18 20 23 
2.223485e-01
12
1 3 5 7 9 11 13 15 17 19 21 23 
7.679948e-02

17
-1
