100
2
hog_feature 3
13
18 18 12 6
4_cells_hog
0.000000e+00 0.000000e+00 0.000000e+00
8.540649e+01 -5.221477e-01 2.373114e-01
0.000000e+00 0.000000e+00 0.000000e+00

5
hog_feature 3
9
18 12 10 20
4_cells_hog
9.087209e+02 -3.908314e-01 4.838710e-02
0.000000e+00 0.000000e+00 0.000000e+00
4.243053e+02 -4.874936e-01 -3.880597e-02

2
haar_feature 1
2
24 24 4 6 0 -1
24 27 4 3 0 2
haar_y2
0.000000e+00 0.000000e+00 0.000000e+00
-1.425928e-03 2.367200e-01 -2.899918e-01
0.000000e+00 0.000000e+00 0.000000e+00

5
haar_feature 1
2
8 0 26 27 0 -1
8 18 26 9 0 3
haar_y3_2
8.879180e-02 -1.122984e-01 8.929718e-02
0.000000e+00 0.000000e+00 0.000000e+00
1.460010e-01 -2.197655e-01 2.717947e-01

2
haar_feature 1
2
18 4 3 36 0 -1
18 16 3 12 0 3
haar_y3_0
0.000000e+00 0.000000e+00 0.000000e+00
-2.173395e-02 2.171381e-01 -2.879772e-01
0.000000e+00 0.000000e+00 0.000000e+00

5
hog_feature 3
35
4 24 10 10
4_cells_hog
2.683060e+02 -1.058742e-01 2.810814e-01
0.000000e+00 0.000000e+00 0.000000e+00
8.417267e+01 -1.911278e-01 1.530313e-01

3
hog_feature 3
33
2 2 34 34
4_cells_hog
2.669449e+03 2.100780e-02 -7.467512e-01
4.189280e+02 1.421580e-01 -4.213360e-01
0.000000e+00 0.000000e+00 0.000000e+00

4
hog_feature 3
9
12 32 12 6
4_cells_hog
0.000000e+00 0.000000e+00 0.000000e+00
0.000000e+00 0.000000e+00 0.000000e+00
1.315308e+01 1.732726e-01 -2.605011e-01

2
hog_feature 3
16
22 4 14 28
4_cells_hog
0.000000e+00 0.000000e+00 0.000000e+00
4.085178e+02 -2.377435e-01 2.533640e-01
0.000000e+00 0.000000e+00 0.000000e+00

5
hog_feature 3
28
12 10 20 20
4_cells_hog
3.825826e+02 6.973684e-02 -1.992994e-01
0.000000e+00 0.000000e+00 0.000000e+00
1.435995e+02 -5.181763e-01 7.745025e-02

1
hog_feature 3
19
26 6 10 10
4_cells_hog
2.102115e+02 -1.155774e-01 2.707678e-01
0.000000e+00 0.000000e+00 0.000000e+00
0.000000e+00 0.000000e+00 0.000000e+00

6
hog_feature 3
27
8 18 6 12
4_cells_hog
0.000000e+00 0.000000e+00 0.000000e+00
3.503223e+01 1.192839e-01 -4.631636e-01
9.871472e+01 8.029740e-02 -2.288045e-01

2
hog_feature 3
9
2 6 24 24
4_cells_hog
0.000000e+00 0.000000e+00 0.000000e+00
1.620674e+02 -5.766505e-01 9.564286e-02
0.000000e+00 0.000000e+00 0.000000e+00

5
hog_feature 3
8
22 18 8 16
4_cells_hog
5.995215e+01 1.716450e-01 -1.334380e-01
0.000000e+00 0.000000e+00 0.000000e+00
2.517932e+01 -3.130536e-01 7.558244e-02

2
hog_feature 3
22
4 22 16 8
4_cells_hog
0.000000e+00 0.000000e+00 0.000000e+00
7.999969e+00 2.398777e-01 -2.438346e-01
0.000000e+00 0.000000e+00 0.000000e+00

5
hog_feature 3
7
16 18 14 14
4_cells_hog
1.014348e+02 -1.883922e-01 7.811085e-02
0.000000e+00 0.000000e+00 0.000000e+00
4.565062e+01 1.442246e-01 -2.254800e-01

2
var_feature 2
1
10 16 9 4
one_rect_var
0.000000e+00 0.000000e+00 0.000000e+00
6.648584e+02 1.463305e-01 -3.877192e-01
0.000000e+00 0.000000e+00 0.000000e+00

5
hog_feature 3
8
16 14 6 6
4_cells_hog
4.016222e+01 -8.582858e-02 8.706153e-02
0.000000e+00 0.000000e+00 0.000000e+00
2.209064e+01 -1.959265e-01 2.129256e-01

3
var_feature 2
1
16 4 5 19
one_rect_var
1.825458e+03 -5.462521e-02 1.575322e-01
8.518218e+02 -2.902699e-01 1.822091e-01
0.000000e+00 0.000000e+00 0.000000e+00

4
haar_feature 1
2
14 14 12 4 0 -1
18 14 4 4 0 3
haar_x3_0
0.000000e+00 0.000000e+00 0.000000e+00
0.000000e+00 0.000000e+00 0.000000e+00
-1.240645e-02 -6.271780e-01 5.993921e-02

1
var_feature 2
1
20 20 4 4
one_rect_var
1.784219e+02 1.713819e-01 -1.704812e-01
0.000000e+00 0.000000e+00 0.000000e+00
0.000000e+00 0.000000e+00 0.000000e+00

6
hog_feature 3
13
12 10 10 10
4_cells_hog
0.000000e+00 0.000000e+00 0.000000e+00
6.782813e+01 1.329598e-01 -3.089827e-01
1.831055e-04 1.838838e-01 -1.262134e-01

3
haar_feature 1
2
0 32 39 4 0 -1
13 32 13 4 0 3
haar_x3_0
1.460986e-01 -2.011439e-02 8.812509e-01
7.355219e-02 -1.043310e-01 3.794909e-01
0.000000e+00 0.000000e+00 0.000000e+00

4
hog_feature 3
10
24 6 14 28
4_cells_hog
0.000000e+00 0.000000e+00 0.000000e+00
0.000000e+00 0.000000e+00 0.000000e+00
8.896423e+02 4.722760e-02 -7.692461e-01

2
haar_feature 1
2
0 16 12 9 0 -1
4 16 4 9 0 3
haar_x3_0
0.000000e+00 0.000000e+00 0.000000e+00
3.314827e-02 -1.239336e-01 4.435315e-01
0.000000e+00 0.000000e+00 0.000000e+00

5
hog_feature 3
0
12 6 8 16
4_cells_hog
4.943405e+01 1.755829e-01 -1.362209e-01
0.000000e+00 0.000000e+00 0.000000e+00
2.401699e+02 -1.140351e-01 1.541313e-01

1
hog_feature 3
9
4 6 32 16
4_cells_hog
1.052144e+03 -1.392261e-01 1.941834e-01
0.000000e+00 0.000000e+00 0.000000e+00
0.000000e+00 0.000000e+00 0.000000e+00

6
hog_feature 3
1
0 0 16 16
4_cells_hog
0.000000e+00 0.000000e+00 0.000000e+00
2.345157e+02 8.406048e-02 -5.410333e-01
1.589690e+02 8.061362e-02 -2.390457e-01

1
hog_feature 3
18
18 30 16 8
4_cells_hog
1.506484e+02 8.240966e-02 -3.342548e-01
0.000000e+00 0.000000e+00 0.000000e+00
0.000000e+00 0.000000e+00 0.000000e+00

6
haar_feature 1
2
6 6 15 10 0 -1
11 6 5 10 0 3
haar_x3_0
0.000000e+00 0.000000e+00 0.000000e+00
-2.418825e-02 -5.027460e-01 6.462375e-02
-4.936644e-02 -6.610855e-01 3.750895e-02

3
haar_feature 1
2
6 4 21 23 0 -1
13 4 7 23 0 3
haar_x3_0
7.334358e-02 -7.135414e-02 1.476106e-01
3.056634e-02 9.528875e-02 -4.887958e-01
0.000000e+00 0.000000e+00 0.000000e+00

4
haar_feature 1
2
14 6 7 12 0 -1
14 10 7 4 0 3
haar_y3_0
0.000000e+00 0.000000e+00 0.000000e+00
0.000000e+00 0.000000e+00 0.000000e+00
-9.284540e-04 1.934050e-01 -1.830274e-01

2
hog_feature 3
26
18 26 8 8
4_cells_hog
0.000000e+00 0.000000e+00 0.000000e+00
9.999390e-01 2.300843e-01 -2.034983e-01
0.000000e+00 0.000000e+00 0.000000e+00

5
hog_feature 3
3
16 0 20 10
4_cells_hog
3.398898e+01 -1.484026e-01 8.837002e-02
0.000000e+00 0.000000e+00 0.000000e+00
6.074622e+01 -2.306015e-01 1.425011e-01

2
hog_feature 3
3
24 24 6 12
4_cells_hog
0.000000e+00 0.000000e+00 0.000000e+00
3.051758e-05 3.529456e-01 -1.392484e-01
0.000000e+00 0.000000e+00 0.000000e+00

5
hog_feature 3
16
22 0 16 8
4_cells_hog
9.498023e+01 5.742844e-02 -1.981495e-01
0.000000e+00 0.000000e+00 0.000000e+00
6.708160e+00 3.019629e-01 -1.256537e-01

2
hog_feature 3
4
18 2 20 10
4_cells_hog
0.000000e+00 0.000000e+00 0.000000e+00
7.003214e+01 -4.194024e-01 1.262935e-01
0.000000e+00 0.000000e+00 0.000000e+00

5
hog_feature 3
31
4 14 18 18
4_cells_hog
7.035488e+02 1.528708e-02 -6.718801e-01
0.000000e+00 0.000000e+00 0.000000e+00
2.033618e+02 5.472712e-02 -6.829343e-01

2
var_feature 2
1
22 4 9 29
one_rect_var
0.000000e+00 0.000000e+00 0.000000e+00
1.407748e+03 1.328040e-01 -3.837164e-01
0.000000e+00 0.000000e+00 0.000000e+00

5
hog_feature 3
16
6 2 14 14
4_cells_hog
2.816140e+02 -1.226984e-01 1.963813e-01
0.000000e+00 0.000000e+00 0.000000e+00
5.884215e+02 -5.640978e-02 4.286874e-01

2
hog_feature 3
15
6 12 18 18
4_cells_hog
0.000000e+00 0.000000e+00 0.000000e+00
4.274560e+01 -6.111299e-01 7.594661e-02
0.000000e+00 0.000000e+00 0.000000e+00

5
var_feature 2
1
0 8 23 4
one_rect_var
2.193498e+03 6.323619e-02 -3.721396e-01
0.000000e+00 0.000000e+00 0.000000e+00
1.248674e+03 1.162880e-01 -1.649998e-01

3
hog_feature 3
2
12 0 8 8
4_cells_hog
5.904592e+01 -6.041930e-02 2.739786e-01
9.899496e+00 1.443065e-01 -2.692824e-01
0.000000e+00 0.000000e+00 0.000000e+00

4
hog_feature 3
1
18 2 10 20
4_cells_hog
0.000000e+00 0.000000e+00 0.000000e+00
0.000000e+00 0.000000e+00 0.000000e+00
4.177834e+02 -1.058716e-01 4.036937e-01

1
hog_feature 3
33
20 6 10 10
4_cells_hog
1.360152e+01 1.321456e-01 -1.922196e-01
0.000000e+00 0.000000e+00 0.000000e+00
0.000000e+00 0.000000e+00 0.000000e+00

6
hog_feature 3
18
2 12 10 10
4_cells_hog
0.000000e+00 0.000000e+00 0.000000e+00
9.700334e+01 -2.128281e-01 1.686818e-01
3.806168e+01 1.488176e-01 -1.605563e-01

3
haar_feature 1
2
2 28 12 4 0 -1
6 28 4 4 0 3
haar_x3_0
1.793948e-02 -3.660814e-02 4.452808e-01
-3.549625e-04 1.930612e-01 -1.909200e-01
0.000000e+00 0.000000e+00 0.000000e+00

4
hog_feature 3
7
8 10 10 10
4_cells_hog
0.000000e+00 0.000000e+00 0.000000e+00
0.000000e+00 0.000000e+00 0.000000e+00
1.123587e+02 -1.215155e-01 2.749578e-01

1
hog_feature 3
23
18 22 12 6
4_cells_hog
1.242960e+02 -8.029039e-02 3.123494e-01
0.000000e+00 0.000000e+00 0.000000e+00
0.000000e+00 0.000000e+00 0.000000e+00

6
hog_feature 3
17
20 8 14 14
4_cells_hog
0.000000e+00 0.000000e+00 0.000000e+00
3.667413e+01 -6.148412e-01 5.850257e-02
2.811298e+02 8.675268e-02 -2.675607e-01

2
hog_feature 3
18
22 4 14 28
4_cells_hog
0.000000e+00 0.000000e+00 0.000000e+00
1.113518e+02 2.660623e-01 -1.695480e-01
0.000000e+00 0.000000e+00 0.000000e+00

5
haar_feature 1
2
20 12 3 9 0 -1
20 15 3 3 0 3
haar_y3_0
-5.563992e-03 2.580590e-01 -3.564275e-02
0.000000e+00 0.000000e+00 0.000000e+00
-8.514582e-04 2.064245e-01 -1.706117e-01

2
hog_feature 3
32
22 20 6 12
4_cells_hog
0.000000e+00 0.000000e+00 0.000000e+00
3.051758e-05 2.138525e-01 -2.356281e-01
0.000000e+00 0.000000e+00 0.000000e+00

5
haar_feature 1
2
16 6 7 18 0 -1
16 12 7 6 0 3
haar_y3_0
-1.368989e-02 -3.175738e-01 8.985798e-02
0.000000e+00 0.000000e+00 0.000000e+00
-1.915563e-02 -4.191835e-01 5.707068e-02

1
hog_feature 3
31
14 32 8 4
4_cells_hog
1.820679e+01 7.435831e-02 -3.371713e-01
0.000000e+00 0.000000e+00 0.000000e+00
0.000000e+00 0.000000e+00 0.000000e+00

6
hog_feature 3
17
16 8 10 20
4_cells_hog
0.000000e+00 0.000000e+00 0.000000e+00
3.842944e+01 -3.932219e-01 8.626015e-02
7.995070e+02 -6.422909e-02 3.706207e-01

3
hog_feature 3
31
6 12 20 10
4_cells_hog
5.999992e+00 -7.589951e-01 3.294081e-02
5.705728e+02 2.510583e-02 -7.539474e-01
0.000000e+00 0.000000e+00 0.000000e+00

4
haar_feature 1
2
12 18 13 9 0 -1
12 21 13 3 0 3
haar_y3_0
0.000000e+00 0.000000e+00 0.000000e+00
0.000000e+00 0.000000e+00 0.000000e+00
-9.023338e-05 1.750077e-01 -2.066182e-01

1
haar_feature 1
2
16 16 18 14 0 -1
28 16 6 14 0 3
haar_x3_2
1.290425e-01 -4.932744e-02 5.629247e-01
0.000000e+00 0.000000e+00 0.000000e+00
0.000000e+00 0.000000e+00 0.000000e+00

6
var_feature 2
1
12 0 4 4
one_rect_var
0.000000e+00 0.000000e+00 0.000000e+00
2.990234e+00 3.002684e-01 -9.236284e-02
2.210938e+00 6.215718e-01 -4.702458e-02

2
haar_feature 1
3
6 10 22 6 0 -1
6 10 11 3 0 2
17 13 11 3 0 2
haar_x2_y2
0.000000e+00 0.000000e+00 0.000000e+00
-2.026287e-03 2.017113e-01 -2.165482e-01
0.000000e+00 0.000000e+00 0.000000e+00

5
haar_feature 1
2
18 2 15 28 0 -1
23 2 5 28 0 3
haar_x3_0
-8.248289e-02 -4.474541e-01 5.180189e-02
0.000000e+00 0.000000e+00 0.000000e+00
-1.047270e-01 -8.533484e-01 3.631487e-02

1
hog_feature 3
8
6 26 20 10
4_cells_hog
6.038882e+01 -3.891047e-01 6.100075e-02
0.000000e+00 0.000000e+00 0.000000e+00
0.000000e+00 0.000000e+00 0.000000e+00

6
haar_feature 1
3
2 10 8 10 0 -1
2 10 4 5 0 2
6 15 4 5 0 2
haar_x2_y2
0.000000e+00 0.000000e+00 0.000000e+00
-1.713546e-02 6.407683e-01 -6.893238e-02
7.049035e-03 -7.115401e-02 2.600102e-01

2
var_feature 2
1
26 30 9 4
one_rect_var
0.000000e+00 0.000000e+00 0.000000e+00
8.854980e+01 -3.757542e-01 1.246603e-01
0.000000e+00 0.000000e+00 0.000000e+00

5
hog_feature 3
18
14 28 6 6
4_cells_hog
6.002087e+01 4.688014e-02 -2.942102e-01
0.000000e+00 0.000000e+00 0.000000e+00
3.000122e+00 1.445007e-01 -1.809490e-01

1
hog_feature 3
16
8 0 4 8
4_cells_hog
2.920807e+00 1.305008e-01 -2.021074e-01
0.000000e+00 0.000000e+00 0.000000e+00
0.000000e+00 0.000000e+00 0.000000e+00

6
haar_feature 1
2
14 26 9 7 0 -1
17 26 3 7 0 3
haar_x3_0
0.000000e+00 0.000000e+00 0.000000e+00
-1.260314e-03 2.640740e-01 -1.744108e-01
-5.011244e-04 1.347104e-01 -8.760241e-02

3
hog_feature 3
33
2 14 32 16
4_cells_hog
1.296676e+02 -3.516793e-01 5.548052e-02
5.089827e+02 3.285640e-02 -9.165959e-01
0.000000e+00 0.000000e+00 0.000000e+00

4
hog_feature 3
9
4 20 10 10
4_cells_hog
0.000000e+00 0.000000e+00 0.000000e+00
0.000000e+00 0.000000e+00 0.000000e+00
3.936684e+02 -9.007455e-02 3.635459e-01

2
haar_feature 1
2
18 0 18 3 0 -1
24 0 6 3 0 3
haar_x3_0
0.000000e+00 0.000000e+00 0.000000e+00
-1.238017e-02 -6.299536e-01 6.198709e-02
0.000000e+00 0.000000e+00 0.000000e+00

5
hog_feature 3
14
6 10 20 10
4_cells_hog
4.061884e+01 1.192816e-01 -1.903498e-01
0.000000e+00 0.000000e+00 0.000000e+00
1.269836e+01 1.568765e-01 -1.183320e-01

5
haar_feature 1
2
28 12 12 23 0 -1
32 12 4 23 0 2
haar_x3_3
-1.706495e-01 -2.558714e-01 9.786681e-02
0.000000e+00 0.000000e+00 0.000000e+00
-3.945565e-02 1.677666e-02 -9.257007e-01

5
haar_feature 1
2
14 2 18 27 0 -1
14 11 18 9 0 3
haar_y3_0
1.704074e-01 1.469033e-02 -9.398013e-01
0.000000e+00 0.000000e+00 0.000000e+00
6.788556e-02 4.790013e-02 -5.053408e-01

5
haar_feature 1
2
24 20 9 3 0 -1
27 20 3 3 0 3
haar_x3_0
2.453508e-03 -1.108899e-01 2.020748e-01
0.000000e+00 0.000000e+00 0.000000e+00
9.272552e-03 -5.340984e-02 3.440954e-01

5
hog_feature 3
33
10 14 10 10
4_cells_hog
7.717635e+01 -1.210873e-01 1.123810e-01
0.000000e+00 0.000000e+00 0.000000e+00
1.740839e+01 1.125533e-01 -2.477271e-01

5
hog_feature 3
33
2 10 28 28
4_cells_hog
1.955633e+03 2.681351e-02 -7.778707e-01
0.000000e+00 0.000000e+00 0.000000e+00
2.985748e+01 -5.917247e-01 2.796725e-02

5
hog_feature 3
0
18 0 8 4
4_cells_hog
1.331571e+02 2.307920e-02 -3.073983e-01
0.000000e+00 0.000000e+00 0.000000e+00
6.318532e+01 8.100432e-02 -3.834269e-01

5
hog_feature 3
31
4 2 24 24
4_cells_hog
7.536960e+02 4.416256e-02 -4.469298e-01
0.000000e+00 0.000000e+00 0.000000e+00
6.021685e+02 2.417948e-02 -6.266146e-01

5
var_feature 2
1
26 10 4 7
one_rect_var
7.226172e+01 -2.549914e-01 5.185750e-02
0.000000e+00 0.000000e+00 0.000000e+00
5.698721e+02 -1.303448e-01 2.098131e-01

5
hog_feature 3
17
2 20 6 12
4_cells_hog
1.144409e-05 2.451342e-01 -6.982905e-02
0.000000e+00 0.000000e+00 0.000000e+00
3.000046e+00 2.648111e-01 -8.417914e-02

5
hog_feature 3
11
10 20 20 10
4_cells_hog
1.258815e+02 8.733003e-02 -1.792445e-01
0.000000e+00 0.000000e+00 0.000000e+00
1.065747e+02 -1.419579e-01 1.677525e-01

5
var_feature 2
1
14 18 14 11
one_rect_var
8.850000e+01 7.001994e-01 -2.384702e-02
0.000000e+00 0.000000e+00 0.000000e+00
4.764653e+02 1.129983e-01 -1.957209e-01

5
hog_feature 3
9
14 12 6 12
4_cells_hog
3.079629e+02 -4.150737e-02 2.898838e-01
0.000000e+00 0.000000e+00 0.000000e+00
2.471216e+01 -2.462518e-01 1.181057e-01

5
haar_feature 1
2
10 34 30 4 0 -1
20 34 10 4 0 3
haar_x3_0
7.552117e-02 -2.507493e-02 5.430007e-01
0.000000e+00 0.000000e+00 0.000000e+00
7.175250e-02 -3.580052e-02 7.328178e-01

5
haar_feature 1
2
12 18 28 21 0 -1
12 32 28 7 0 3
haar_y3_2
-8.708178e-02 1.591747e-01 -9.301755e-02
0.000000e+00 0.000000e+00 0.000000e+00
-1.993772e-02 1.062203e-01 -2.473423e-01

5
haar_feature 1
2
6 10 27 30 0 -1
6 30 27 10 0 3
haar_y3_2
-3.525766e-01 -7.864676e-01 3.507601e-02
0.000000e+00 0.000000e+00 0.000000e+00
-3.511918e-01 -4.085176e-01 2.913409e-02

5
hog_feature 3
21
4 8 26 26
4_cells_hog
6.124554e+01 -5.820024e-01 3.837876e-02
0.000000e+00 0.000000e+00 0.000000e+00
6.025434e+01 -2.010600e-01 6.117941e-02

5
hog_feature 3
13
10 28 6 6
4_cells_hog
9.155273e-05 9.550265e-02 -1.242658e-01
0.000000e+00 0.000000e+00 0.000000e+00
7.541351e+00 6.971411e-02 -4.131231e-01

5
hog_feature 3
26
16 30 12 6
4_cells_hog
3.040015e+01 1.201729e-01 -1.475925e-01
0.000000e+00 0.000000e+00 0.000000e+00
3.838947e+01 7.484796e-02 -3.025157e-01

5
hog_feature 3
26
4 10 16 8
4_cells_hog
3.162254e+00 3.583181e-01 -7.592915e-02
0.000000e+00 0.000000e+00 0.000000e+00
3.215788e+01 -2.337694e-01 6.367152e-02

5
haar_feature 1
2
12 28 9 8 0 -1
15 28 3 8 0 3
haar_x3_0
-6.262629e-04 1.224519e-01 -1.081042e-01
0.000000e+00 0.000000e+00 0.000000e+00
-6.198321e-03 3.628283e-01 -8.456137e-02

5
hog_feature 3
34
12 6 10 20
4_cells_hog
5.474448e+01 -3.797983e-01 5.952926e-02
0.000000e+00 0.000000e+00 0.000000e+00
3.390688e+02 2.567459e-02 -6.998754e-01

1
hog_feature 3
23
4 0 14 28
4_cells_hog
2.389141e+02 8.645249e-02 -2.977116e-01
0.000000e+00 0.000000e+00 0.000000e+00
0.000000e+00 0.000000e+00 0.000000e+00

1
hog_feature 3
32
14 14 10 10
4_cells_hog
7.615765e+00 -4.294553e-01 6.245476e-02
0.000000e+00 0.000000e+00 0.000000e+00
0.000000e+00 0.000000e+00 0.000000e+00

1
hog_feature 3
2
16 10 6 12
4_cells_hog
1.345472e+01 1.294078e-01 -2.039436e-01
0.000000e+00 0.000000e+00 0.000000e+00
0.000000e+00 0.000000e+00 0.000000e+00

1
haar_feature 1
2
12 16 24 22 0 -1
12 16 8 22 0 3
haar_x3_1
9.890200e-02 -1.419633e-01 1.801506e-01
0.000000e+00 0.000000e+00 0.000000e+00
0.000000e+00 0.000000e+00 0.000000e+00

1
hog_feature 3
27
26 12 10 10
4_cells_hog
1.000061e+00 3.454279e-01 -7.396311e-02
0.000000e+00 0.000000e+00 0.000000e+00
0.000000e+00 0.000000e+00 0.000000e+00

1
hog_feature 3
35
8 4 18 18
4_cells_hog
7.467419e+01 -8.727964e-01 3.223440e-02
0.000000e+00 0.000000e+00 0.000000e+00
0.000000e+00 0.000000e+00 0.000000e+00

1
haar_feature 1
2
12 16 18 19 0 -1
12 16 6 19 0 3
haar_x3_1
-9.061801e-02 3.710478e-01 -7.515141e-02
0.000000e+00 0.000000e+00 0.000000e+00
0.000000e+00 0.000000e+00 0.000000e+00

64
1 3 5 6 9 10 13 15 17 18 20 22 25 26 28 30 33 35 37 39 41 42 44 46 48 51 53 54 56 58 61 62 65 66 68 71 72 73 74 75 76 77 78 79 80 81 82 83 84 85 86 87 88 89 90 91 92 93 94 95 96 97 98 99 
-1.281526e+00
36
0 2 4 6 8 11 12 14 16 18 21 22 24 27 29 30 32 34 36 38 40 42 45 46 49 50 52 55 56 59 60 63 64 67 68 70 
-1.737598e+00
57
1 3 5 7 9 11 13 15 17 19 21 23 25 27 29 31 33 35 37 39 41 43 45 47 49 51 53 55 57 59 61 63 65 67 69 71 72 73 74 75 76 77 78 79 80 81 82 83 84 85 86 87 88 89 90 91 92 
-1.527798e+00

16
-1
