9
1
hog_feature 3
8
24 12 10 20
4_cells_hog
8.905347e+01 -7.500000e-01 9.888889e-01
0.000000e+00 0.000000e+00 0.000000e+00
0.000000e+00 0.000000e+00 0.000000e+00

6
var_feature 2
1
16 16 11 5
one_rect_var
0.000000e+00 0.000000e+00 0.000000e+00
2.715654e+02 -1.000000e+00 9.148936e-01
2.519249e+02 -1.000000e+00 9.148936e-01

3
haar_feature 1
2
0 2 12 11 0 -1
4 2 4 11 0 3
haar_x3_0
-4.471134e-02 -1.000000e+00 8.630556e-01
-1.570074e-02 -5.796788e-01 9.566972e-01
0.000000e+00 0.000000e+00 0.000000e+00

4
hog_feature 3
9
8 16 10 10
4_cells_hog
0.000000e+00 0.000000e+00 0.000000e+00
0.000000e+00 0.000000e+00 0.000000e+00
7.378735e+01 -4.089238e-01 9.999998e-01

2
hog_feature 3
7
22 24 6 12
4_cells_hog
0.000000e+00 0.000000e+00 0.000000e+00
5.975537e+01 8.939332e-01 -6.210760e-01
0.000000e+00 0.000000e+00 0.000000e+00

5
hog_feature 3
26
22 4 16 16
4_cells_hog
1.610679e+02 -7.980661e-01 9.874957e-01
0.000000e+00 0.000000e+00 0.000000e+00
4.420359e+02 -1.350261e-01 1.000001e+00

1
hog_feature 3
8
24 14 8 16
4_cells_hog
5.736926e+01 -8.978379e-01 9.254864e-01
0.000000e+00 0.000000e+00 0.000000e+00
0.000000e+00 0.000000e+00 0.000000e+00

4
hog_feature 3
23
26 20 6 6
4_cells_hog
0.000000e+00 0.000000e+00 0.000000e+00
0.000000e+00 0.000000e+00 0.000000e+00
9.220825e+00 9.353449e-01 -5.557401e-01

4
hog_feature 3
17
2 0 18 36
4_cells_hog
0.000000e+00 0.000000e+00 0.000000e+00
0.000000e+00 0.000000e+00 0.000000e+00
1.076785e+03 -5.707637e-01 9.787954e-01

4
0 2 5 6 
2.404759e-01
3
1 2 4 
1.229148e+00
5
1 3 5 7 8 
7.355250e-01

18
-1
