17
7
var_feature 2
1
33 27 4 6
one_rect_var
7.054487e+02 -2.304348e-01 -6.714286e-01
1.361160e+02 -8.902078e-03 -7.490494e-01
1.369121e+03 -2.327044e-01 -7.235773e-01

7
hog_feature 3
12
3 15 20 10
4_cells_hog
1.484081e+02 -5.188898e-01 1.953899e-01
1.396580e+02 -7.200230e-01 1.607749e-01
5.544450e+02 3.165003e-02 -4.010125e-01

7
hog_feature 3
29
6 18 32 16
4_cells_hog
2.627600e+01 -7.542111e-01 5.101172e-02
2.087823e+02 2.138844e-01 -7.754254e-01
2.532024e+02 -5.490701e-01 1.220879e-01

7
haar_feature 1
2
18 15 5 9 0 -1
18 21 5 3 0 3
haar_y3_2
-7.993646e-03 1.567286e-01 -2.833956e-01
8.093784e-03 -4.157198e-01 4.525551e-01
1.276095e-02 8.800405e-02 -6.302028e-01

7
hog_feature 3
16
24 12 16 16
4_cells_hog
3.384974e+02 -1.802731e-01 3.275590e-01
1.315771e+02 -7.223070e-01 2.739394e-01
3.510205e+02 -1.232825e-01 4.315017e-01

7
hog_feature 3
9
3 12 22 22
4_cells_hog
1.537229e+01 -3.926059e-01 3.066659e-02
2.039205e+02 2.278719e-01 -6.305889e-01
1.190767e+02 3.362093e-01 -3.535483e-01

7
hog_feature 3
1
0 12 16 16
4_cells_hog
4.051196e+02 5.439716e-02 -7.186933e-01
2.308420e+01 -9.701816e-01 1.251527e-01
8.294711e+01 -4.925489e-01 2.616427e-01

7
haar_feature 1
2
30 30 5 6 0 -1
30 33 5 3 0 2
haar_y2
-1.411376e-03 3.191080e-01 -2.253461e-01
-8.631451e-04 3.117578e-01 -4.264937e-01
3.062007e-03 -1.373000e-01 3.167157e-01

5
hog_feature 3
4
0 3 10 20
4_cells_hog
1.703553e+01 4.730073e-01 -7.301689e-02
0.000000e+00 0.000000e+00 0.000000e+00
1.497169e+02 4.314298e-01 -3.184622e-01

5
hog_feature 3
20
9 3 22 22
4_cells_hog
4.822450e+02 9.140742e-02 -3.577012e-01
0.000000e+00 0.000000e+00 0.000000e+00
4.378386e+02 1.688712e-01 -7.633804e-01

5
haar_feature 1
2
6 9 9 26 0 -1
6 22 9 13 0 2
haar_y2
-9.057228e-02 -7.424737e-01 1.152950e-01
0.000000e+00 0.000000e+00 0.000000e+00
-9.515692e-02 5.224538e-01 -1.482751e-01

5
hog_feature 3
30
24 3 16 32
4_cells_hog
2.887854e+02 1.217310e-01 -4.422438e-01
0.000000e+00 0.000000e+00 0.000000e+00
3.072952e+02 -7.595075e-01 1.511679e-01

5
var_feature 2
1
33 24 7 4
one_rect_var
2.592065e+01 -8.275368e-01 6.485712e-02
0.000000e+00 0.000000e+00 0.000000e+00
8.934302e+02 1.493284e-01 -6.628078e-01

1
var_feature 2
1
18 0 13 35
one_rect_var
2.334269e+03 -4.689379e-01 2.337157e-01
0.000000e+00 0.000000e+00 0.000000e+00
0.000000e+00 0.000000e+00 0.000000e+00

1
hog_feature 3
4
12 15 4 8
4_cells_hog
2.462244e+01 -6.511132e-01 1.319030e-01
0.000000e+00 0.000000e+00 0.000000e+00
0.000000e+00 0.000000e+00 0.000000e+00

1
haar_feature 1
2
9 27 27 9 0 -1
9 30 27 3 0 2
haar_y3_3
-7.478438e-02 1.370366e-01 -6.619609e-01
0.000000e+00 0.000000e+00 0.000000e+00
0.000000e+00 0.000000e+00 0.000000e+00

1
haar_feature 1
2
21 30 15 9 0 -1
21 36 15 3 0 3
haar_y3_2
-1.172317e-02 4.081783e-01 -2.386590e-01
0.000000e+00 0.000000e+00 0.000000e+00
0.000000e+00 0.000000e+00 0.000000e+00

17
0 1 2 3 4 5 6 7 8 9 10 11 12 13 14 15 16 
-1.167102e+00
8
0 1 2 3 4 5 6 7 
-1.588751e+00
13
0 1 2 3 4 5 6 7 8 9 10 11 12 
-1.097772e+00

10
-1
