12
2
hog_feature 3
25
6 6 22 22
4_cells_hog
0.000000e+00 0.000000e+00 0.000000e+00
6.860617e+01 -1.000000e+00 9.877800e-01
0.000000e+00 0.000000e+00 0.000000e+00

5
haar_feature 1
3
34 8 6 22 0 -1
34 8 3 11 0 2
37 19 3 11 0 2
haar_x2_y2
-5.317011e-02 -1.000000e+00 9.558233e-01
0.000000e+00 0.000000e+00 0.000000e+00
1.930560e-02 9.849624e-01 8.800000e-01

2
hog_feature 3
19
8 12 10 20
4_cells_hog
0.000000e+00 0.000000e+00 0.000000e+00
2.613473e+02 9.608626e-01 -6.555970e-01
0.000000e+00 0.000000e+00 0.000000e+00

5
hog_feature 3
4
10 6 16 32
4_cells_hog
1.917773e+03 7.770624e-01 -7.884727e-01
0.000000e+00 0.000000e+00 0.000000e+00
7.166976e+02 9.162687e-01 -5.461287e-01

1
haar_feature 1
2
0 4 36 26 0 -1
12 4 12 26 0 3
haar_x3_0
1.074020e-01 -2.289241e-01 9.296775e-01
0.000000e+00 0.000000e+00 0.000000e+00
0.000000e+00 0.000000e+00 0.000000e+00

6
haar_feature 1
2
2 22 30 12 0 -1
2 26 30 4 0 3
haar_y3_0
0.000000e+00 0.000000e+00 0.000000e+00
-8.225635e-03 -4.288252e-01 8.884655e-01
-7.403585e-03 -2.925695e-01 8.822914e-01

5
hog_feature 3
10
6 26 8 8
4_cells_hog
1.907349e-06 -4.047776e-01 7.097531e-01
0.000000e+00 0.000000e+00 0.000000e+00
2.434914e+01 7.365400e-01 -4.401844e-01

5
haar_feature 1
3
24 28 14 12 0 -1
24 28 7 6 0 2
31 34 7 6 0 2
haar_x2_y2
4.490454e-03 -2.510504e-01 7.412977e-01
0.000000e+00 0.000000e+00 0.000000e+00
-1.197343e-04 -4.668579e-01 1.000014e+00

5
haar_feature 1
2
16 10 17 24 0 -1
16 10 17 8 0 3
haar_y3_1
-2.751839e-02 -4.130923e-01 5.378178e-01
0.000000e+00 0.000000e+00 0.000000e+00
1.155764e-01 6.187666e-01 -7.992992e-01

1
hog_feature 3
27
12 26 24 12
4_cells_hog
1.383889e+02 -4.422419e-01 6.399000e-01
0.000000e+00 0.000000e+00 0.000000e+00
0.000000e+00 0.000000e+00 0.000000e+00

1
hog_feature 3
3
0 12 6 6
4_cells_hog
9.848860e+00 5.746220e-01 -4.979394e-01
0.000000e+00 0.000000e+00 0.000000e+00
0.000000e+00 0.000000e+00 0.000000e+00

1
hog_feature 3
2
8 20 28 14
4_cells_hog
1.033054e+02 -6.239378e-01 5.204229e-01
0.000000e+00 0.000000e+00 0.000000e+00
0.000000e+00 0.000000e+00 0.000000e+00

9
1 3 4 6 7 8 9 10 11 
8.943937e-01
3
0 2 5 
1.220649e+00
6
1 3 5 6 7 8 
1.077181e+00

20
-1
