67
2
haar_feature 1
2
14 24 6 9 0 -1
14 27 6 3 0 3
haar_y3_0
0.000000e+00 0.000000e+00 0.000000e+00
1.465327e-03 4.575163e-02 7.510638e-01
0.000000e+00 0.000000e+00 0.000000e+00

5
hog_feature 3
19
24 10 14 28
4_cells_hog
1.441713e+02 2.732240e-02 3.422819e-01
0.000000e+00 0.000000e+00 0.000000e+00
1.027234e+02 -4.488189e-01 5.217391e-01

3
haar_feature 1
2
8 18 15 3 0 -1
18 18 5 3 0 3
haar_x3_2
3.309022e-02 -5.277449e-02 6.281654e-01
-1.173540e-03 3.011579e-01 -4.296573e-01
0.000000e+00 0.000000e+00 0.000000e+00

4
haar_feature 1
2
0 4 18 18 0 -1
9 4 9 18 0 2
haar_x2
0.000000e+00 0.000000e+00 0.000000e+00
0.000000e+00 0.000000e+00 0.000000e+00
4.702725e-02 -2.533225e-01 4.118517e-01

2
hog_feature 3
26
4 22 10 10
4_cells_hog
0.000000e+00 0.000000e+00 0.000000e+00
9.817398e+01 -3.541528e-01 3.935113e-01
0.000000e+00 0.000000e+00 0.000000e+00

5
hog_feature 3
2
14 6 18 18
4_cells_hog
1.191499e+02 1.929228e-01 -2.953859e-01
0.000000e+00 0.000000e+00 0.000000e+00
6.738713e+01 2.983570e-01 -1.477756e-01

3
haar_feature 1
2
12 12 3 9 0 -1
12 18 3 3 0 3
haar_y3_2
6.934137e-03 -1.249499e-01 2.985596e-01
-5.856758e-03 3.602605e-01 -2.559822e-01
0.000000e+00 0.000000e+00 0.000000e+00

4
haar_feature 1
2
12 22 10 6 0 -1
12 25 10 3 0 2
haar_y2
0.000000e+00 0.000000e+00 0.000000e+00
0.000000e+00 0.000000e+00 0.000000e+00
-5.014691e-04 -4.206661e-01 2.204539e-01

2
hog_feature 3
5
2 0 20 10
4_cells_hog
0.000000e+00 0.000000e+00 0.000000e+00
1.303276e+01 5.053225e-01 -2.542904e-01
0.000000e+00 0.000000e+00 0.000000e+00

5
hog_feature 3
9
0 10 26 26
4_cells_hog
5.097754e+02 -3.859330e-01 1.348574e-01
0.000000e+00 0.000000e+00 0.000000e+00
4.875116e+02 -3.039012e-01 1.374498e-01

2
hog_feature 3
28
26 12 10 20
4_cells_hog
0.000000e+00 0.000000e+00 0.000000e+00
1.452825e+02 -3.236850e-01 4.208106e-01
0.000000e+00 0.000000e+00 0.000000e+00

5
var_feature 2
1
36 8 4 11
one_rect_var
3.045072e+02 1.974748e-01 -2.583146e-01
0.000000e+00 0.000000e+00 0.000000e+00
1.627148e+01 4.444868e-01 -6.621179e-02

1
hog_feature 3
27
10 16 14 14
4_cells_hog
1.058420e+02 2.013360e-01 -2.509570e-01
0.000000e+00 0.000000e+00 0.000000e+00
0.000000e+00 0.000000e+00 0.000000e+00

6
haar_feature 1
2
14 10 10 14 0 -1
19 10 5 14 0 2
haar_x2
0.000000e+00 0.000000e+00 0.000000e+00
-1.560472e-02 -3.866161e-01 1.434456e-01
1.517388e-02 1.153941e-01 -6.239892e-01

2
hog_feature 3
30
24 12 14 14
4_cells_hog
0.000000e+00 0.000000e+00 0.000000e+00
8.186340e+01 2.218206e-01 -5.170835e-01
0.000000e+00 0.000000e+00 0.000000e+00

5
hog_feature 3
7
12 6 8 8
4_cells_hog
2.793796e+02 -7.314993e-02 4.995691e-01
0.000000e+00 0.000000e+00 0.000000e+00
6.857137e+01 -1.426775e-01 3.895018e-01

1
hog_feature 3
28
4 2 12 24
4_cells_hog
1.521084e+02 -2.921227e-01 1.569782e-01
0.000000e+00 0.000000e+00 0.000000e+00
0.000000e+00 0.000000e+00 0.000000e+00

6
hog_feature 3
35
16 20 14 14
4_cells_hog
0.000000e+00 0.000000e+00 0.000000e+00
1.488344e+02 9.411225e-02 -5.577908e-01
2.285107e+02 1.174592e-01 -6.757312e-01

3
hog_feature 3
2
4 26 20 10
4_cells_hog
9.831636e+01 1.388159e-01 -2.778512e-01
1.797544e+02 8.388194e-02 -7.294296e-01
0.000000e+00 0.000000e+00 0.000000e+00

4
hog_feature 3
8
10 26 6 6
4_cells_hog
0.000000e+00 0.000000e+00 0.000000e+00
0.000000e+00 0.000000e+00 0.000000e+00
1.184515e+02 -1.713311e-01 4.632021e-01

3
hog_feature 3
23
18 16 12 12
4_cells_hog
8.527063e+01 -2.131717e-01 1.911077e-01
5.463641e+01 1.514798e-01 -3.606755e-01
0.000000e+00 0.000000e+00 0.000000e+00

4
var_feature 2
1
0 4 36 14
one_rect_var
0.000000e+00 0.000000e+00 0.000000e+00
0.000000e+00 0.000000e+00 0.000000e+00
3.234386e+03 1.190789e-01 -6.637524e-01

3
hog_feature 3
19
20 6 14 14
4_cells_hog
4.632000e+02 -1.111174e-01 3.839634e-01
7.742606e+01 -3.468044e-01 1.857107e-01
0.000000e+00 0.000000e+00 0.000000e+00

4
var_feature 2
1
14 20 6 4
one_rect_var
0.000000e+00 0.000000e+00 0.000000e+00
0.000000e+00 0.000000e+00 0.000000e+00
1.734973e+01 3.485408e-01 -2.345304e-01

1
hog_feature 3
31
14 30 12 6
4_cells_hog
5.817978e+01 9.943950e-02 -4.623577e-01
0.000000e+00 0.000000e+00 0.000000e+00
0.000000e+00 0.000000e+00 0.000000e+00

6
var_feature 2
1
26 18 5 5
one_rect_var
0.000000e+00 0.000000e+00 0.000000e+00
4.639648e+01 -5.278734e-01 1.075943e-01
5.927042e+01 -6.258686e-01 1.146225e-01

2
var_feature 2
1
16 32 4 4
one_rect_var
0.000000e+00 0.000000e+00 0.000000e+00
2.176094e+02 2.073424e-01 -5.123726e-01
0.000000e+00 0.000000e+00 0.000000e+00

5
haar_feature 1
2
16 12 3 9 0 -1
16 15 3 3 0 3
haar_y3_0
3.702947e-03 -1.010213e-01 2.941125e-01
0.000000e+00 0.000000e+00 0.000000e+00
-2.314695e-04 2.094651e-01 -2.617051e-01

1
hog_feature 3
3
10 6 28 14
4_cells_hog
1.355475e+02 1.452606e-01 -2.988849e-01
0.000000e+00 0.000000e+00 0.000000e+00
0.000000e+00 0.000000e+00 0.000000e+00

6
haar_feature 1
2
16 10 3 10 0 -1
16 15 3 5 0 2
haar_y2
0.000000e+00 0.000000e+00 0.000000e+00
3.829000e-04 1.147192e-01 -5.587586e-01
-5.596445e-04 -3.758812e-01 2.040815e-01

2
haar_feature 1
2
0 20 18 10 0 -1
0 20 6 10 0 3
haar_x3_1
0.000000e+00 0.000000e+00 0.000000e+00
-6.550543e-02 5.875596e-01 -2.111522e-01
0.000000e+00 0.000000e+00 0.000000e+00

5
hog_feature 3
20
2 22 16 16
4_cells_hog
1.255224e+02 -1.109481e-01 2.172420e-01
0.000000e+00 0.000000e+00 0.000000e+00
5.723992e+02 -1.074513e-01 6.819075e-01

2
hog_feature 3
22
22 20 14 14
4_cells_hog
0.000000e+00 0.000000e+00 0.000000e+00
1.808289e+01 4.717635e-01 -2.246545e-01
0.000000e+00 0.000000e+00 0.000000e+00

5
haar_feature 1
2
0 16 3 21 0 -1
0 16 3 7 0 2
haar_y3_4
-1.736477e-02 -1.286111e-01 2.879571e-01
0.000000e+00 0.000000e+00 0.000000e+00
-1.672040e-02 -1.082996e-01 3.862689e-01

1
hog_feature 3
27
18 12 6 12
4_cells_hog
2.039612e+01 2.516900e-01 -1.838610e-01
0.000000e+00 0.000000e+00 0.000000e+00
0.000000e+00 0.000000e+00 0.000000e+00

6
var_feature 2
1
14 36 12 4
one_rect_var
0.000000e+00 0.000000e+00 0.000000e+00
1.484326e+01 -8.078657e-01 1.075942e-01
2.387912e+01 -7.278481e-01 7.144744e-02

1
haar_feature 1
2
20 22 3 12 0 -1
20 26 3 4 0 3
haar_y3_0
-3.312609e-03 3.317360e-01 -1.247714e-01
0.000000e+00 0.000000e+00 0.000000e+00
0.000000e+00 0.000000e+00 0.000000e+00

6
hog_feature 3
18
10 22 28 14
4_cells_hog
0.000000e+00 0.000000e+00 0.000000e+00
3.113230e+02 1.065428e-01 -6.520595e-01
6.089868e+02 9.272990e-02 -5.433014e-01

2
hog_feature 3
22
16 4 8 16
4_cells_hog
0.000000e+00 0.000000e+00 0.000000e+00
1.881795e+02 1.281492e-01 -7.970291e-01
0.000000e+00 0.000000e+00 0.000000e+00

5
hog_feature 3
24
0 6 16 32
4_cells_hog
1.035853e+02 2.049564e-01 -1.553989e-01
0.000000e+00 0.000000e+00 0.000000e+00
4.867059e+01 4.240078e-01 -1.253011e-01

2
hog_feature 3
35
20 12 16 8
4_cells_hog
0.000000e+00 0.000000e+00 0.000000e+00
6.469086e+01 -4.346658e-01 2.396458e-01
0.000000e+00 0.000000e+00 0.000000e+00

5
hog_feature 3
10
14 4 14 14
4_cells_hog
2.768965e+02 -8.927885e-02 2.381500e-01
0.000000e+00 0.000000e+00 0.000000e+00
3.076634e+02 -1.479907e-01 4.346270e-01

3
hog_feature 3
7
8 0 28 14
4_cells_hog
2.693675e+01 -6.101444e-01 5.074373e-02
1.493115e+02 2.699533e-01 -3.222777e-01
0.000000e+00 0.000000e+00 0.000000e+00

4
var_feature 2
1
14 26 14 4
one_rect_var
0.000000e+00 0.000000e+00 0.000000e+00
0.000000e+00 0.000000e+00 0.000000e+00
1.387318e+02 3.439257e-01 -1.956332e-01

1
hog_feature 3
0
18 0 4 4
4_cells_hog
1.185235e+01 1.362417e-01 -3.257930e-01
0.000000e+00 0.000000e+00 0.000000e+00
0.000000e+00 0.000000e+00 0.000000e+00

6
hog_feature 3
24
6 14 20 10
4_cells_hog
0.000000e+00 0.000000e+00 0.000000e+00
4.332078e+01 -6.018475e-01 1.534292e-01
4.416408e+02 -4.992960e-02 7.539501e-01

1
haar_feature 1
2
8 8 32 21 0 -1
8 15 32 7 0 2
haar_y3_3
-1.673889e-01 5.219543e-02 -8.833976e-01
0.000000e+00 0.000000e+00 0.000000e+00
0.000000e+00 0.000000e+00 0.000000e+00

6
hog_feature 3
28
6 8 12 12
4_cells_hog
0.000000e+00 0.000000e+00 0.000000e+00
1.703107e+02 1.003554e-01 -3.914118e-01
1.612448e+01 -4.728386e-01 1.593624e-01

2
hog_feature 3
22
6 4 14 28
4_cells_hog
0.000000e+00 0.000000e+00 0.000000e+00
2.452820e+02 2.015344e-01 -5.522381e-01
0.000000e+00 0.000000e+00 0.000000e+00

5
hog_feature 3
17
4 0 12 6
4_cells_hog
1.654719e+02 8.251120e-02 -4.195736e-01
0.000000e+00 0.000000e+00 0.000000e+00
1.221766e+01 3.158922e-01 -1.409177e-01

1
hog_feature 3
32
24 8 12 6
4_cells_hog
6.533691e+00 2.147289e-01 -2.103183e-01
0.000000e+00 0.000000e+00 0.000000e+00
0.000000e+00 0.000000e+00 0.000000e+00

6
hog_feature 3
3
6 10 22 22
4_cells_hog
0.000000e+00 0.000000e+00 0.000000e+00
1.046064e+02 -5.980657e-01 1.195548e-01
1.807336e+02 1.779076e-01 -2.533529e-01

5
hog_feature 3
17
2 2 24 12
4_cells_hog
1.367907e+02 -4.718277e-01 9.379926e-02
0.000000e+00 0.000000e+00 0.000000e+00
5.653223e+01 -5.701036e-01 5.484996e-02

5
haar_feature 1
2
12 30 27 9 0 -1
12 30 27 3 0 2
haar_y3_4
-1.315252e-01 -2.195629e-01 1.280751e-01
0.000000e+00 0.000000e+00 0.000000e+00
-9.266439e-02 -1.981611e-01 2.813563e-01

5
haar_feature 1
2
16 16 11 24 0 -1
16 16 11 8 0 2
haar_y3_4
-2.487880e-02 4.595478e-02 -6.882733e-01
0.000000e+00 0.000000e+00 0.000000e+00
-4.166723e-02 6.750052e-02 -8.305671e-01

5
var_feature 2
1
4 0 36 4
one_rect_var
3.427556e+03 3.939842e-02 -6.408990e-01
0.000000e+00 0.000000e+00 0.000000e+00
1.635651e+03 1.205386e-01 -3.223379e-01

5
hog_feature 3
20
0 8 16 16
4_cells_hog
2.545584e+01 2.799031e-01 -1.519637e-01
0.000000e+00 0.000000e+00 0.000000e+00
1.277651e+01 3.274173e-01 -7.179812e-02

5
hog_feature 3
12
2 14 18 18
4_cells_hog
3.716604e+01 -5.325585e-01 7.810062e-02
0.000000e+00 0.000000e+00 0.000000e+00
8.944305e+00 -6.522910e-01 5.447064e-02

5
hog_feature 3
27
10 32 12 6
4_cells_hog
3.381110e+01 1.733241e-01 -2.816448e-01
0.000000e+00 0.000000e+00 0.000000e+00
4.825977e+01 7.422644e-02 -2.699123e-01

5
hog_feature 3
1
12 4 10 10
4_cells_hog
2.570184e+02 3.143401e-02 -7.545362e-01
0.000000e+00 0.000000e+00 0.000000e+00
5.493237e+01 -2.578911e-01 2.298815e-01

5
haar_feature 1
2
2 18 9 4 0 -1
8 18 3 4 0 2
haar_x3_5
-2.711698e-03 8.111116e-02 -5.139074e-01
0.000000e+00 0.000000e+00 0.000000e+00
-2.335822e-02 -2.038812e-01 1.327404e-01

1
hog_feature 3
18
6 24 8 4
4_cells_hog
1.223709e+02 -8.632943e-02 5.411556e-01
0.000000e+00 0.000000e+00 0.000000e+00
0.000000e+00 0.000000e+00 0.000000e+00

1
haar_feature 1
2
4 10 36 9 0 -1
4 13 36 3 0 2
haar_y3_3
-1.734155e-01 -2.007355e-01 2.131826e-01
0.000000e+00 0.000000e+00 0.000000e+00
0.000000e+00 0.000000e+00 0.000000e+00

1
haar_feature 1
2
2 8 19 30 0 -1
2 28 19 10 0 2
haar_y3_5
-1.550020e-01 9.075872e-02 -4.967965e-01
0.000000e+00 0.000000e+00 0.000000e+00
0.000000e+00 0.000000e+00 0.000000e+00

1
hog_feature 3
35
4 8 6 6
4_cells_hog
4.999985e+00 1.987571e-01 -2.132577e-01
0.000000e+00 0.000000e+00 0.000000e+00
0.000000e+00 0.000000e+00 0.000000e+00

1
hog_feature 3
28
12 6 14 14
4_cells_hog
1.640218e+01 -6.285438e-01 7.138800e-02
0.000000e+00 0.000000e+00 0.000000e+00
0.000000e+00 0.000000e+00 0.000000e+00

1
haar_feature 1
3
0 34 28 6 0 -1
0 34 14 3 0 2
14 37 14 3 0 2
haar_x2_y2
-7.433224e-03 3.236445e-01 -1.633992e-01
0.000000e+00 0.000000e+00 0.000000e+00
0.000000e+00 0.000000e+00 0.000000e+00

41
1 2 5 6 9 11 12 15 16 18 20 22 24 27 28 31 33 34 36 39 41 42 44 46 49 50 52 53 54 55 56 57 58 59 60 61 62 63 64 65 66 
-8.094198e-01
26
0 2 4 6 8 10 13 14 17 18 20 22 25 26 29 30 32 35 37 38 40 42 45 47 48 51 
-9.336804e-01
35
1 3 5 7 9 11 13 15 17 19 21 23 25 27 29 31 33 35 37 39 41 43 45 47 49 51 52 53 54 55 56 57 58 59 60 
-8.788937e-01

14
-1
