15
1
hog_feature 3
11
24 2 10 10
4_cells_hog
3.004721e+02 -5.811966e-01 5.081967e-01
0.000000e+00 0.000000e+00 0.000000e+00
0.000000e+00 0.000000e+00 0.000000e+00

6
hog_feature 3
16
0 0 22 22
4_cells_hog
0.000000e+00 0.000000e+00 0.000000e+00
1.852006e+02 3.176471e-01 -6.285715e-01
4.181128e+02 -5.525424e-01 -1.593220e-01

1
hog_feature 3
22
8 6 18 18
4_cells_hog
2.921456e+02 2.115208e-01 -8.877434e-01
0.000000e+00 0.000000e+00 0.000000e+00
0.000000e+00 0.000000e+00 0.000000e+00

6
hog_feature 3
28
4 2 30 30
4_cells_hog
0.000000e+00 0.000000e+00 0.000000e+00
1.616369e+03 -4.990790e-01 3.629069e-01
7.992135e+02 -6.668157e-01 1.404940e-01

3
hog_feature 3
34
10 20 16 16
4_cells_hog
5.026416e+01 2.424900e-01 -3.711438e-01
1.478683e+02 2.650936e-01 -8.030068e-01
0.000000e+00 0.000000e+00 0.000000e+00

4
var_feature 2
1
14 18 4 22
one_rect_var
0.000000e+00 0.000000e+00 0.000000e+00
0.000000e+00 0.000000e+00 0.000000e+00
1.459920e+03 2.384598e-01 -7.943380e-01

2
haar_feature 1
2
4 18 21 15 0 -1
4 28 21 5 0 3
haar_y3_2
0.000000e+00 0.000000e+00 0.000000e+00
-1.020330e-02 -9.207509e-01 2.064619e-01
0.000000e+00 0.000000e+00 0.000000e+00

5
hog_feature 3
25
4 10 20 10
4_cells_hog
2.334884e+02 -4.990400e-01 4.923685e-01
0.000000e+00 0.000000e+00 0.000000e+00
2.419970e+02 1.142475e-01 -6.177818e-01

3
haar_feature 1
2
18 12 6 6 0 -1
18 15 6 3 0 2
haar_y2
-4.237291e-04 2.540092e-01 -6.499310e-01
1.007898e-03 1.520097e-01 -7.234825e-01
0.000000e+00 0.000000e+00 0.000000e+00

4
hog_feature 3
9
0 22 6 12
4_cells_hog
0.000000e+00 0.000000e+00 0.000000e+00
0.000000e+00 0.000000e+00 0.000000e+00
6.672472e+01 -4.473108e-01 3.622027e-01

7
haar_feature 1
2
10 16 16 24 0 -1
10 32 16 8 0 3
haar_y3_2
8.532700e-02 1.472923e-01 -8.383126e-01
8.362331e-02 1.489354e-01 -9.636858e-01
6.460530e-02 1.098773e-01 -9.256884e-01

6
hog_feature 3
20
8 12 10 10
4_cells_hog
0.000000e+00 0.000000e+00 0.000000e+00
7.302411e+01 1.031730e-01 -4.298658e-01
2.854237e+02 -3.210759e-01 6.567308e-01

6
hog_feature 3
29
24 0 14 14
4_cells_hog
0.000000e+00 0.000000e+00 0.000000e+00
3.826817e+02 -2.403819e-01 4.550606e-01
3.973615e+01 4.990030e-01 -3.694603e-01

2
haar_feature 1
3
12 26 18 8 0 -1
12 26 9 4 0 2
21 30 9 4 0 2
haar_x2_y2
0.000000e+00 0.000000e+00 0.000000e+00
-5.837023e-03 3.348591e-01 -6.984558e-01
0.000000e+00 0.000000e+00 0.000000e+00

2
hog_feature 3
16
24 10 12 24
4_cells_hog
0.000000e+00 0.000000e+00 0.000000e+00
1.636433e+02 3.085614e-01 -6.788568e-01
0.000000e+00 0.000000e+00 0.000000e+00

6
0 2 4 7 8 10 
-1.236720e+00
10
1 3 4 6 8 10 11 12 13 14 
-1.522696e+00
8
1 3 5 7 9 10 11 12 
-1.087311e+00

10
-1
