7
1
hog_feature 3
26
10 14 20 20
4_cells_hog
2.666879e+02 -1.000000e+00 8.461539e-01
0.000000e+00 0.000000e+00 0.000000e+00
0.000000e+00 0.000000e+00 0.000000e+00

6
hog_feature 3
25
8 14 20 20
4_cells_hog
0.000000e+00 0.000000e+00 0.000000e+00
3.388037e+02 -4.545455e-01 7.319587e-01
3.139948e+02 -7.297297e-01 7.156863e-01

6
hog_feature 3
30
10 2 12 24
4_cells_hog
0.000000e+00 0.000000e+00 0.000000e+00
2.961702e+02 -5.494614e-01 5.145646e-01
9.799979e+01 -4.349755e-01 4.744500e-01

6
hog_feature 3
15
20 0 18 36
4_cells_hog
0.000000e+00 0.000000e+00 0.000000e+00
4.548027e+02 4.694088e-01 -6.945560e-01
7.390793e+01 9.223850e-01 -1.928373e-01

6
hog_feature 3
18
12 16 12 6
4_cells_hog
0.000000e+00 0.000000e+00 0.000000e+00
7.095132e+01 -2.183836e-01 2.863537e-01
5.292126e+01 -6.189578e-01 5.699208e-01

6
hog_feature 3
7
16 12 22 22
4_cells_hog
0.000000e+00 0.000000e+00 0.000000e+00
7.050681e+02 -4.965453e-01 4.927801e-01
2.617010e+02 -8.016794e-01 2.575736e-01

4
hog_feature 3
21
24 14 10 20
4_cells_hog
0.000000e+00 0.000000e+00 0.000000e+00
0.000000e+00 0.000000e+00 0.000000e+00
5.532440e+01 6.071186e-01 -5.564616e-01

1
0 
8.461539e-01
5
1 2 3 4 5 
-2.376622e-01
6
1 2 3 4 5 6 
-2.023826e-01

14
-1
