4
3
hog_feature 3
26
4 16 10 10
4_cells_hog
1.056155e+01 -1.000000e+00 1.000000e+00
1.174170e+01 -1.000000e+00 1.000000e+00
0.000000e+00 0.000000e+00 0.000000e+00

4
var_feature 2
1
20 20 9 4
one_rect_var
0.000000e+00 0.000000e+00 0.000000e+00
0.000000e+00 0.000000e+00 0.000000e+00
1.775456e+02 -7.500000e-01 9.585492e-01

4
haar_feature 1
2
16 2 6 34 0 -1
16 19 6 17 0 2
haar_y2
0.000000e+00 0.000000e+00 0.000000e+00
0.000000e+00 0.000000e+00 0.000000e+00
-8.025093e-02 -8.013560e-01 9.138317e-01

4
var_feature 2
1
2 22 9 4
one_rect_var
0.000000e+00 0.000000e+00 0.000000e+00
0.000000e+00 0.000000e+00 0.000000e+00
3.899426e+02 -7.916715e-01 8.582365e-01

1
0 
1.000000e+00
1
0 
1.000000e+00
3
1 2 3 
1.015430e+00

17
-1
