181.643968
36.535947
32.700364
33.099810
29.871401
33.075589
33.065326
36.141838
35.592959
35.457074
35.569970
45.102889
47.437574
34.693077
42.948017
39.091907
42.497255
40.446246
35.266177
33.797301
45.286807
40.568995
38.355006
35.459537
33.927849
39.720840
39.444963
32.341972
35.951352
42.014471
36.533073
40.764818
37.183353
37.205522
38.497460
44.898856
38.041361
37.774516
38.707241
36.916098
60.524863
39.579207
36.473546
46.512239
41.958229
40.764818
40.798892
33.981218
34.523118
33.340791
36.449325
38.012213
40.058706
44.715759
34.642993
42.269000
35.079386
36.212449
38.839021
39.352594
