9
3
haar_feature 1
2
10 22 5 10 0 -1
10 27 5 5 0 2
haar_y2
3.303370e-03 -8.571429e-01 2.462687e-01
3.471725e-03 -7.804878e-01 1.755725e-01
0.000000e+00 0.000000e+00 0.000000e+00

4
hog_feature 3
17
6 2 18 36
4_cells_hog
0.000000e+00 0.000000e+00 0.000000e+00
0.000000e+00 0.000000e+00 0.000000e+00
1.568825e+03 -7.082353e-01 5.515152e-01

1
hog_feature 3
25
4 6 14 28
4_cells_hog
3.567573e+02 -8.681501e-01 3.726268e-01
0.000000e+00 0.000000e+00 0.000000e+00
0.000000e+00 0.000000e+00 0.000000e+00

6
hog_feature 3
32
2 4 30 30
4_cells_hog
0.000000e+00 0.000000e+00 0.000000e+00
7.259785e+02 3.617922e-01 -8.293322e-01
6.725063e+02 4.660993e-01 -7.402048e-01

1
hog_feature 3
12
14 10 24 24
4_cells_hog
5.033293e+02 3.806782e-01 -8.832460e-01
0.000000e+00 0.000000e+00 0.000000e+00
0.000000e+00 0.000000e+00 0.000000e+00

6
hog_feature 3
35
4 26 20 10
4_cells_hog
0.000000e+00 0.000000e+00 0.000000e+00
1.261498e+02 2.983313e-01 -7.606686e-01
1.283027e+02 3.351458e-01 -7.687993e-01

2
hog_feature 3
8
2 6 10 20
4_cells_hog
0.000000e+00 0.000000e+00 0.000000e+00
3.944627e+02 -5.833437e-01 7.143925e-01
0.000000e+00 0.000000e+00 0.000000e+00

5
hog_feature 3
29
18 16 10 20
4_cells_hog
3.441415e+02 -4.971484e-01 3.858927e-01
0.000000e+00 0.000000e+00 0.000000e+00
1.988534e+02 -7.677634e-01 4.054844e-01

1
haar_feature 1
2
24 8 6 15 0 -1
24 13 6 5 0 3
haar_y3_0
-4.812387e-03 4.425848e-01 -8.064819e-01
0.000000e+00 0.000000e+00 0.000000e+00
0.000000e+00 0.000000e+00 0.000000e+00

5
0 2 4 7 8 
-1.399178e+00
4
0 3 5 6 
-9.387721e-01
4
1 3 5 7 
-1.725252e+00

1
-1
