111
2
haar_feature 1
2
8 20 14 6 0 -1
8 23 14 3 0 2
haar_y2
0.000000e+00 0.000000e+00 0.000000e+00
2.470709e-02 -4.950281e-01 2.398754e-01
0.000000e+00 0.000000e+00 0.000000e+00

5
haar_feature 1
2
0 2 39 21 0 -1
13 2 13 21 0 2
haar_x3_3
-3.078160e-01 -4.475734e-01 -1.859537e-01
0.000000e+00 0.000000e+00 0.000000e+00
-1.465880e-01 -4.451014e-01 1.118761e-01

3
haar_feature 1
3
16 26 8 6 0 -1
16 26 4 3 0 2
20 29 4 3 0 2
haar_x2_y2
9.477421e-03 -3.766663e-02 3.516634e-01
-1.872724e-04 1.204523e-01 -4.167111e-01
0.000000e+00 0.000000e+00 0.000000e+00

4
hog_feature 3
28
18 2 16 32
4_cells_hog
0.000000e+00 0.000000e+00 0.000000e+00
0.000000e+00 0.000000e+00 0.000000e+00
6.298944e+02 -2.630595e-01 1.965317e-01

2
hog_feature 3
18
0 6 14 14
4_cells_hog
0.000000e+00 0.000000e+00 0.000000e+00
2.332285e+02 -2.423722e-01 2.340648e-01
0.000000e+00 0.000000e+00 0.000000e+00

5
hog_feature 3
22
20 14 6 6
4_cells_hog
1.279470e+02 -3.661820e-02 4.770714e-01
0.000000e+00 0.000000e+00 0.000000e+00
4.826999e+01 -8.513378e-02 4.050176e-01

3
var_feature 2
1
16 30 7 5
one_rect_var
6.680127e+02 4.567001e-02 -1.432682e-01
5.262224e+02 9.898667e-02 -5.765104e-01
0.000000e+00 0.000000e+00 0.000000e+00

4
var_feature 2
1
16 20 4 4
one_rect_var
0.000000e+00 0.000000e+00 0.000000e+00
0.000000e+00 0.000000e+00 0.000000e+00
1.812969e+02 8.528540e-02 -5.015692e-01

2
hog_feature 3
0
24 26 10 10
4_cells_hog
0.000000e+00 0.000000e+00 0.000000e+00
9.999390e-01 3.694406e-01 -1.523614e-01
0.000000e+00 0.000000e+00 0.000000e+00

5
haar_feature 1
2
16 18 4 9 0 -1
16 21 4 3 0 3
haar_y3_0
3.877423e-03 -4.386653e-02 9.877172e-02
0.000000e+00 0.000000e+00 0.000000e+00
-8.487715e-04 2.813092e-01 -1.569050e-01

1
hog_feature 3
9
22 8 10 10
4_cells_hog
6.099912e+02 -6.284185e-02 4.796877e-01
0.000000e+00 0.000000e+00 0.000000e+00
0.000000e+00 0.000000e+00 0.000000e+00

6
haar_feature 1
2
10 14 24 3 0 -1
22 14 12 3 0 2
haar_x2
0.000000e+00 0.000000e+00 0.000000e+00
7.893927e-03 1.182292e-01 -4.011526e-01
-2.865924e-02 -4.283373e-01 3.534269e-02

2
var_feature 2
1
0 6 4 4
one_rect_var
0.000000e+00 0.000000e+00 0.000000e+00
4.115234e+00 3.316633e-01 -1.522805e-01
0.000000e+00 0.000000e+00 0.000000e+00

5
hog_feature 3
34
8 14 10 20
4_cells_hog
3.045730e+02 -1.056575e-01 2.173438e-01
0.000000e+00 0.000000e+00 0.000000e+00
7.849813e+02 -4.162842e-02 4.295722e-01

7
hog_feature 3
26
6 24 12 6
4_cells_hog
4.004287e+01 -1.364565e-01 8.373076e-02
5.899228e+01 -2.063346e-01 1.740565e-01
5.356006e+02 -3.525816e-02 4.711683e-01

1
hog_feature 3
23
18 30 16 8
4_cells_hog
3.669562e+01 1.497699e-01 -2.047386e-01
0.000000e+00 0.000000e+00 0.000000e+00
0.000000e+00 0.000000e+00 0.000000e+00

6
haar_feature 1
2
18 24 12 3 0 -1
18 24 4 3 0 3
haar_x3_1
0.000000e+00 0.000000e+00 0.000000e+00
-2.549110e-03 2.089665e-01 -2.031776e-01
-2.328542e-02 -9.116556e-01 1.430245e-02

3
hog_feature 3
28
16 18 20 10
4_cells_hog
4.789836e+02 3.233174e-02 -6.230309e-01
2.545043e+02 -1.651517e-01 1.963974e-01
0.000000e+00 0.000000e+00 0.000000e+00

4
hog_feature 3
5
18 6 16 32
4_cells_hog
0.000000e+00 0.000000e+00 0.000000e+00
0.000000e+00 0.000000e+00 0.000000e+00
2.194249e+02 8.519951e-02 -4.072097e-01

2
haar_feature 1
2
14 16 4 21 0 -1
14 16 4 7 0 3
haar_y3_1
0.000000e+00 0.000000e+00 0.000000e+00
-4.884597e-05 9.720465e-02 -4.978572e-01
0.000000e+00 0.000000e+00 0.000000e+00

5
hog_feature 3
8
6 32 6 6
4_cells_hog
2.499985e+00 1.105335e-01 -9.578732e-02
0.000000e+00 0.000000e+00 0.000000e+00
5.000610e-01 2.130141e-01 -1.619618e-01

2
hog_feature 3
11
26 8 12 24
4_cells_hog
0.000000e+00 0.000000e+00 0.000000e+00
1.245204e+02 1.110560e-01 -3.627623e-01
0.000000e+00 0.000000e+00 0.000000e+00

5
hog_feature 3
32
20 16 6 12
4_cells_hog
1.736340e+01 -1.490723e-01 1.052080e-01
0.000000e+00 0.000000e+00 0.000000e+00
1.842337e+01 -1.067191e-01 2.422901e-01

1
hog_feature 3
1
30 0 8 8
4_cells_hog
7.128462e+01 6.706310e-02 -3.515299e-01
0.000000e+00 0.000000e+00 0.000000e+00
0.000000e+00 0.000000e+00 0.000000e+00

6
hog_feature 3
3
14 16 10 10
4_cells_hog
0.000000e+00 0.000000e+00 0.000000e+00
2.996181e+02 4.211507e-02 -7.859336e-01
2.235992e+00 -3.619636e-01 6.220154e-02

2
var_feature 2
1
20 14 4 7
one_rect_var
0.000000e+00 0.000000e+00 0.000000e+00
1.822412e+02 -3.456196e-01 1.227276e-01
0.000000e+00 0.000000e+00 0.000000e+00

5
hog_feature 3
0
14 2 16 8
4_cells_hog
8.290761e+01 -1.315556e-01 8.397440e-02
0.000000e+00 0.000000e+00 0.000000e+00
1.284304e+02 -1.820704e-01 1.621336e-01

3
haar_feature 1
2
6 2 30 8 0 -1
6 6 30 4 0 2
haar_y2
-5.471079e-02 5.922490e-01 -1.707393e-02
3.921562e-02 -1.430450e-01 2.653800e-01
0.000000e+00 0.000000e+00 0.000000e+00

4
hog_feature 3
10
18 0 8 4
4_cells_hog
0.000000e+00 0.000000e+00 0.000000e+00
0.000000e+00 0.000000e+00 0.000000e+00
3.361347e+01 9.047865e-02 -4.167262e-01

2
hog_feature 3
33
8 6 18 18
4_cells_hog
0.000000e+00 0.000000e+00 0.000000e+00
2.175004e+02 1.060390e-01 -4.107654e-01
0.000000e+00 0.000000e+00 0.000000e+00

5
hog_feature 3
18
20 22 14 14
4_cells_hog
3.161865e+00 -5.244893e-01 1.682695e-02
0.000000e+00 0.000000e+00 0.000000e+00
1.302733e+02 1.124504e-01 -2.718599e-01

3
hog_feature 3
26
10 0 10 20
4_cells_hog
3.081154e+00 4.664407e-01 -2.577392e-02
5.626909e+01 -3.791077e-01 9.534063e-02
0.000000e+00 0.000000e+00 0.000000e+00

4
hog_feature 3
21
14 22 20 10
4_cells_hog
0.000000e+00 0.000000e+00 0.000000e+00
0.000000e+00 0.000000e+00 0.000000e+00
1.272687e+01 2.253078e-01 -1.585950e-01

2
hog_feature 3
35
14 6 14 28
4_cells_hog
0.000000e+00 0.000000e+00 0.000000e+00
4.079688e+01 2.477598e-01 -1.569185e-01
0.000000e+00 0.000000e+00 0.000000e+00

5
haar_feature 1
2
10 28 19 9 0 -1
10 28 19 3 0 3
haar_y3_1
-4.851563e-02 -7.885389e-01 1.785955e-02
0.000000e+00 0.000000e+00 0.000000e+00
3.514610e-02 -1.105639e-01 2.387528e-01

1
haar_feature 1
3
16 0 24 34 0 -1
16 0 12 17 0 2
28 17 12 17 0 2
haar_x2_y2
-8.339968e-02 2.063179e-01 -1.087747e-01
0.000000e+00 0.000000e+00 0.000000e+00
0.000000e+00 0.000000e+00 0.000000e+00

6
haar_feature 1
2
10 0 17 30 0 -1
10 0 17 10 0 3
haar_y3_1
0.000000e+00 0.000000e+00 0.000000e+00
2.474933e-01 -8.785006e-02 3.444588e-01
1.566741e-01 -5.096143e-02 4.013660e-01

7
hog_feature 3
30
14 14 16 16
4_cells_hog
6.708221e+00 -3.600012e-01 2.460944e-02
4.651587e+01 2.706910e-01 -1.183619e-01
1.174834e+01 -3.481977e-01 5.793305e-02

1
haar_feature 1
2
14 14 26 12 0 -1
27 14 13 12 0 2
haar_x2
1.493937e-01 -3.668346e-02 6.443427e-01
0.000000e+00 0.000000e+00 0.000000e+00
0.000000e+00 0.000000e+00 0.000000e+00

6
haar_feature 1
2
8 18 15 6 0 -1
8 21 15 3 0 2
haar_y2
0.000000e+00 0.000000e+00 0.000000e+00
-5.363889e-03 2.425585e-01 -1.047782e-01
-8.307192e-03 -5.828823e-01 4.004673e-02

3
haar_feature 1
2
12 26 12 8 0 -1
12 30 12 4 0 2
haar_y2
2.496966e-04 -1.065773e-01 1.344021e-01
-1.090975e-02 3.227863e-01 -1.079279e-01
0.000000e+00 0.000000e+00 0.000000e+00

4
hog_feature 3
4
22 6 10 10
4_cells_hog
0.000000e+00 0.000000e+00 0.000000e+00
0.000000e+00 0.000000e+00 0.000000e+00
7.070969e+00 1.655334e-01 -1.861233e-01

3
hog_feature 3
22
10 2 28 28
4_cells_hog
2.328434e+02 -2.902379e-01 4.863197e-02
1.769812e+03 3.751025e-02 -8.988973e-01
0.000000e+00 0.000000e+00 0.000000e+00

4
hog_feature 3
4
10 0 28 14
4_cells_hog
0.000000e+00 0.000000e+00 0.000000e+00
0.000000e+00 0.000000e+00 0.000000e+00
9.465727e+01 -3.090376e-01 1.070688e-01

3
var_feature 2
1
0 36 39 4
one_rect_var
9.993915e+02 -1.656638e-01 9.532017e-02
9.892793e+02 -2.082521e-01 1.362417e-01
0.000000e+00 0.000000e+00 0.000000e+00

4
hog_feature 3
28
30 20 6 12
4_cells_hog
0.000000e+00 0.000000e+00 0.000000e+00
0.000000e+00 0.000000e+00 0.000000e+00
3.605835e+00 2.468582e-01 -1.320813e-01

1
haar_feature 1
2
14 10 6 30 0 -1
14 30 6 10 0 3
haar_y3_2
-2.309975e-03 1.281763e-01 -2.086292e-01
0.000000e+00 0.000000e+00 0.000000e+00
0.000000e+00 0.000000e+00 0.000000e+00

6
hog_feature 3
20
8 22 14 14
4_cells_hog
0.000000e+00 0.000000e+00 0.000000e+00
1.003474e+02 8.560583e-02 -4.703190e-01
9.667098e+02 1.017360e-02 -1.000011e+00

3
hog_feature 3
13
4 4 26 26
4_cells_hog
6.483119e+01 2.366427e-01 -8.292016e-02
1.249400e+03 4.905607e-02 -4.666966e-01
0.000000e+00 0.000000e+00 0.000000e+00

4
hog_feature 3
27
12 6 6 12
4_cells_hog
0.000000e+00 0.000000e+00 0.000000e+00
0.000000e+00 0.000000e+00 0.000000e+00
8.077011e+00 -3.845893e-01 7.195772e-02

1
haar_feature 1
2
16 6 16 11 0 -1
24 6 8 11 0 2
haar_x2
6.137518e-02 3.996311e-02 -6.286662e-01
0.000000e+00 0.000000e+00 0.000000e+00
0.000000e+00 0.000000e+00 0.000000e+00

6
haar_feature 1
2
12 12 5 6 0 -1
12 15 5 3 0 2
haar_y2
0.000000e+00 0.000000e+00 0.000000e+00
-2.913821e-03 1.677352e-01 -1.422630e-01
-2.860921e-03 -5.271064e-01 4.543767e-02

1
hog_feature 3
7
8 0 28 14
4_cells_hog
3.389062e+01 -5.037374e-01 3.962747e-02
0.000000e+00 0.000000e+00 0.000000e+00
0.000000e+00 0.000000e+00 0.000000e+00

6
haar_feature 1
2
0 6 36 16 0 -1
0 6 12 16 0 3
haar_x3_1
0.000000e+00 0.000000e+00 0.000000e+00
-5.389844e-02 1.936135e-01 -1.236839e-01
-4.236459e-01 -7.795632e-01 2.415706e-02

2
hog_feature 3
3
4 10 10 20
4_cells_hog
0.000000e+00 0.000000e+00 0.000000e+00
7.634414e+00 -4.222417e-01 9.005509e-02
0.000000e+00 0.000000e+00 0.000000e+00

5
hog_feature 3
16
16 6 10 20
4_cells_hog
7.586020e+01 1.682978e-01 -1.524469e-01
0.000000e+00 0.000000e+00 0.000000e+00
4.689410e+01 1.350405e-01 -9.198242e-02

3
hog_feature 3
27
32 24 6 12
4_cells_hog
9.446533e+01 5.001858e-02 -2.470324e-01
1.456458e+01 1.604444e-01 -2.122931e-01
0.000000e+00 0.000000e+00 0.000000e+00

4
var_feature 2
1
2 26 22 5
one_rect_var
0.000000e+00 0.000000e+00 0.000000e+00
0.000000e+00 0.000000e+00 0.000000e+00
5.530371e+01 -8.240126e-01 3.570525e-02

7
hog_feature 3
25
2 20 10 10
4_cells_hog
4.472142e+00 1.620345e-01 -9.043773e-02
4.472136e+00 2.599877e-01 -8.517531e-02
1.029564e+01 1.484330e-01 -1.318770e-01

7
hog_feature 3
16
0 6 22 22
4_cells_hog
2.147353e+03 -3.440567e-02 3.492403e-01
8.027161e+02 -6.316524e-02 4.705203e-01
1.941477e+03 -3.153718e-02 6.053406e-01

3
var_feature 2
1
36 12 4 15
one_rect_var
2.961243e+00 -6.680405e-01 2.453297e-02
2.821655e+00 -6.981108e-01 4.501975e-02
0.000000e+00 0.000000e+00 0.000000e+00

4
var_feature 2
1
18 16 7 19
one_rect_var
0.000000e+00 0.000000e+00 0.000000e+00
0.000000e+00 0.000000e+00 0.000000e+00
2.332001e+01 5.454215e-01 -5.303090e-02

3
hog_feature 3
4
14 2 14 14
4_cells_hog
1.225571e+03 -1.248602e-02 8.602074e-01
4.010639e+01 -5.649096e-01 5.968330e-02
0.000000e+00 0.000000e+00 0.000000e+00

4
hog_feature 3
28
14 4 16 32
4_cells_hog
0.000000e+00 0.000000e+00 0.000000e+00
0.000000e+00 0.000000e+00 0.000000e+00
2.855593e+02 -3.731729e-01 1.154367e-01

2
var_feature 2
1
14 20 4 4
one_rect_var
0.000000e+00 0.000000e+00 0.000000e+00
4.294512e+02 9.850918e-02 -3.513652e-01
0.000000e+00 0.000000e+00 0.000000e+00

5
hog_feature 3
17
4 2 28 14
4_cells_hog
2.948109e+02 -1.970781e-01 6.232180e-02
0.000000e+00 0.000000e+00 0.000000e+00
7.134546e+01 -7.722974e-01 2.966630e-02

2
haar_feature 1
3
24 32 6 6 0 -1
24 32 3 3 0 2
27 35 3 3 0 2
haar_x2_y2
0.000000e+00 0.000000e+00 0.000000e+00
-2.246951e-03 3.958190e-01 -9.674940e-02
0.000000e+00 0.000000e+00 0.000000e+00

5
var_feature 2
1
8 10 19 10
one_rect_var
6.437317e+01 1.000000e+00 -1.178622e-02
0.000000e+00 0.000000e+00 0.000000e+00
7.811142e+01 7.850526e-01 -4.359399e-02

7
haar_feature 1
2
18 16 3 15 0 -1
18 21 3 5 0 3
haar_y3_0
2.143666e-02 2.486913e-02 -6.278082e-01
1.177583e-02 -4.844351e-02 4.846211e-01
3.078849e-03 7.384418e-02 -3.207466e-01

1
hog_feature 3
7
12 0 8 4
4_cells_hog
6.708205e+00 1.156425e-01 -2.071018e-01
0.000000e+00 0.000000e+00 0.000000e+00
0.000000e+00 0.000000e+00 0.000000e+00

6
var_feature 2
1
12 36 13 4
one_rect_var
0.000000e+00 0.000000e+00 0.000000e+00
6.474121e+00 -1.000000e+00 2.559348e-02
3.529562e+01 -6.294740e-01 4.100597e-02

1
hog_feature 3
29
2 10 14 14
4_cells_hog
9.995876e+01 -2.016979e-01 1.121875e-01
0.000000e+00 0.000000e+00 0.000000e+00
0.000000e+00 0.000000e+00 0.000000e+00

6
haar_feature 1
3
30 12 10 24 0 -1
30 12 5 12 0 2
35 24 5 12 0 2
haar_x2_y2
0.000000e+00 0.000000e+00 0.000000e+00
2.072622e-02 -1.288482e-01 2.628046e-01
4.339308e-02 2.965329e-02 -5.017935e-01

2
haar_feature 1
2
12 16 8 7 0 -1
16 16 4 7 0 2
haar_x2
0.000000e+00 0.000000e+00 0.000000e+00
1.544332e-03 9.863760e-02 -4.323172e-01
0.000000e+00 0.000000e+00 0.000000e+00

5
hog_feature 3
22
0 14 16 8
4_cells_hog
9.047064e+01 6.989252e-02 -2.460432e-01
0.000000e+00 0.000000e+00 0.000000e+00
4.824374e+01 -1.131978e-01 1.827445e-01

2
haar_feature 1
2
8 16 6 10 0 -1
11 16 3 10 0 2
haar_x2
0.000000e+00 0.000000e+00 0.000000e+00
-6.258997e-03 2.090976e-01 -1.841567e-01
0.000000e+00 0.000000e+00 0.000000e+00

5
hog_feature 3
17
14 0 8 4
4_cells_hog
1.414571e+02 4.159438e-02 -3.897379e-01
0.000000e+00 0.000000e+00 0.000000e+00
8.782681e+01 5.553478e-02 -3.879776e-01

3
hog_feature 3
23
8 24 6 12
4_cells_hog
5.099075e+00 1.134612e-01 -1.184713e-01
5.385223e+00 1.755282e-01 -1.826854e-01
0.000000e+00 0.000000e+00 0.000000e+00

4
haar_feature 1
3
22 18 6 10 0 -1
22 18 3 5 0 2
25 23 3 5 0 2
haar_x2_y2
0.000000e+00 0.000000e+00 0.000000e+00
0.000000e+00 0.000000e+00 0.000000e+00
-7.979723e-03 4.548951e-01 -6.474153e-02

2
hog_feature 3
34
20 0 10 10
4_cells_hog
0.000000e+00 0.000000e+00 0.000000e+00
2.106361e+01 -3.433190e-01 1.120069e-01
0.000000e+00 0.000000e+00 0.000000e+00

5
hog_feature 3
24
16 8 10 20
4_cells_hog
6.789018e+01 -3.472531e-01 6.475682e-02
0.000000e+00 0.000000e+00 0.000000e+00
4.999152e+01 7.260568e-02 -1.991488e-01

1
hog_feature 3
9
4 6 16 8
4_cells_hog
1.728216e+02 1.116230e-01 -2.140508e-01
0.000000e+00 0.000000e+00 0.000000e+00
0.000000e+00 0.000000e+00 0.000000e+00

6
hog_feature 3
10
20 0 12 6
4_cells_hog
0.000000e+00 0.000000e+00 0.000000e+00
1.581139e+01 1.291955e-01 -2.918112e-01
1.216859e+02 3.558304e-02 -3.872391e-01

5
hog_feature 3
8
16 2 16 8
4_cells_hog
4.068360e+02 -7.848451e-02 2.836663e-01
0.000000e+00 0.000000e+00 0.000000e+00
1.460401e+02 -9.904563e-02 1.285938e-01

5
hog_feature 3
8
2 4 12 6
4_cells_hog
1.144409e-05 1.372204e-01 -4.765975e-02
0.000000e+00 0.000000e+00 0.000000e+00
1.234694e+01 2.013436e-01 -1.656700e-01

5
var_feature 2
1
0 16 5 16
one_rect_var
2.847046e+01 -3.023672e-01 5.914599e-02
0.000000e+00 0.000000e+00 0.000000e+00
2.962891e+00 -7.456021e-01 2.710987e-02

5
hog_feature 3
34
20 20 6 6
4_cells_hog
4.102026e+01 4.828604e-02 -1.700799e-01
0.000000e+00 0.000000e+00 0.000000e+00
1.306482e+01 -1.282686e-01 2.381147e-01

5
hog_feature 3
24
0 22 32 16
4_cells_hog
5.018022e+02 5.740897e-02 -2.673087e-01
0.000000e+00 0.000000e+00 0.000000e+00
8.276335e+02 3.969575e-02 -4.714343e-01

5
hog_feature 3
22
20 10 16 16
4_cells_hog
3.166064e+01 -2.171116e-01 2.589865e-02
0.000000e+00 0.000000e+00 0.000000e+00
2.011156e+01 -3.743237e-01 7.388519e-02

5
hog_feature 3
4
24 16 6 6
4_cells_hog
1.503336e+01 4.924309e-02 -1.711917e-01
0.000000e+00 0.000000e+00 0.000000e+00
7.070984e+00 1.168499e-01 -2.796831e-01

5
hog_feature 3
26
22 22 12 12
4_cells_hog
9.844872e+02 5.408772e-03 -9.364302e-01
0.000000e+00 0.000000e+00 0.000000e+00
2.312827e+02 4.217283e-02 -6.861908e-01

5
hog_feature 3
15
12 0 10 10
4_cells_hog
4.313914e+01 -6.490359e-02 9.187081e-02
0.000000e+00 0.000000e+00 0.000000e+00
2.633296e+01 -1.991731e-01 1.535915e-01

5
hog_feature 3
5
2 0 16 8
4_cells_hog
2.559341e+02 1.608866e-02 -4.819108e-01
0.000000e+00 0.000000e+00 0.000000e+00
2.236068e+00 2.651319e-01 -1.141957e-01

5
haar_feature 1
3
6 24 14 10 0 -1
6 24 7 5 0 2
13 29 7 5 0 2
haar_x2_y2
1.079069e-02 -5.808461e-02 2.023746e-01
0.000000e+00 0.000000e+00 0.000000e+00
-1.187704e-02 3.814445e-01 -6.486458e-02

5
hog_feature 3
31
10 24 6 6
4_cells_hog
7.516522e+01 2.905793e-02 -3.936388e-01
0.000000e+00 0.000000e+00 0.000000e+00
1.204153e+01 4.899721e-02 -5.173941e-01

5
hog_feature 3
24
8 2 10 10
4_cells_hog
3.354299e+02 -3.302691e-02 4.144852e-01
0.000000e+00 0.000000e+00 0.000000e+00
2.972866e+01 -1.335369e-01 1.731830e-01

1
hog_feature 3
14
22 20 16 16
4_cells_hog
4.244413e+02 3.765393e-02 -6.678310e-01
0.000000e+00 0.000000e+00 0.000000e+00
0.000000e+00 0.000000e+00 0.000000e+00

1
hog_feature 3
31
10 24 6 12
4_cells_hog
2.202269e+01 9.349079e-02 -2.386526e-01
0.000000e+00 0.000000e+00 0.000000e+00
0.000000e+00 0.000000e+00 0.000000e+00

1
hog_feature 3
19
8 18 16 8
4_cells_hog
1.788310e+02 -1.174434e-01 1.964438e-01
0.000000e+00 0.000000e+00 0.000000e+00
0.000000e+00 0.000000e+00 0.000000e+00

1
hog_feature 3
27
4 22 16 16
4_cells_hog
3.771987e+02 6.674446e-02 -3.357327e-01
0.000000e+00 0.000000e+00 0.000000e+00
0.000000e+00 0.000000e+00 0.000000e+00

1
hog_feature 3
32
0 12 18 18
4_cells_hog
2.113357e+01 -6.302360e-01 3.613002e-02
0.000000e+00 0.000000e+00 0.000000e+00
0.000000e+00 0.000000e+00 0.000000e+00

1
hog_feature 3
17
16 8 20 10
4_cells_hog
1.824551e+01 -4.524706e-01 4.355887e-02
0.000000e+00 0.000000e+00 0.000000e+00
0.000000e+00 0.000000e+00 0.000000e+00

1
var_feature 2
1
20 18 4 5
one_rect_var
3.948865e+01 3.776808e-01 -6.317959e-02
0.000000e+00 0.000000e+00 0.000000e+00
0.000000e+00 0.000000e+00 0.000000e+00

1
haar_feature 1
2
18 14 9 12 0 -1
18 18 9 4 0 3
haar_y3_0
1.473191e-02 -8.940818e-02 2.558238e-01
0.000000e+00 0.000000e+00 0.000000e+00
0.000000e+00 0.000000e+00 0.000000e+00

1
haar_feature 1
2
18 14 6 20 0 -1
18 24 6 10 0 2
haar_y2
-2.762602e-02 -3.157373e-01 7.719918e-02
0.000000e+00 0.000000e+00 0.000000e+00
0.000000e+00 0.000000e+00 0.000000e+00

1
hog_feature 3
35
2 8 22 22
4_cells_hog
1.094164e+02 -6.900854e-01 3.037229e-02
0.000000e+00 0.000000e+00 0.000000e+00
0.000000e+00 0.000000e+00 0.000000e+00

1
hog_feature 3
17
20 12 16 16
4_cells_hog
1.312416e+02 1.535309e-01 -1.416038e-01
0.000000e+00 0.000000e+00 0.000000e+00
0.000000e+00 0.000000e+00 0.000000e+00

1
var_feature 2
1
20 8 6 7
one_rect_var
1.259324e+02 -4.644617e-01 4.625414e-02
0.000000e+00 0.000000e+00 0.000000e+00
0.000000e+00 0.000000e+00 0.000000e+00

1
hog_feature 3
30
20 20 8 16
4_cells_hog
2.363275e+01 1.540984e-01 -1.402931e-01
0.000000e+00 0.000000e+00 0.000000e+00
0.000000e+00 0.000000e+00 0.000000e+00

1
haar_feature 1
3
6 32 32 8 0 -1
6 32 16 4 0 2
22 36 16 4 0 2
haar_x2_y2
-2.079162e-02 3.153482e-01 -6.610944e-02
0.000000e+00 0.000000e+00 0.000000e+00
0.000000e+00 0.000000e+00 0.000000e+00

1
haar_feature 1
3
10 34 28 6 0 -1
10 34 14 3 0 2
24 37 14 3 0 2
haar_x2_y2
9.928016e-03 -8.899873e-02 2.414058e-01
0.000000e+00 0.000000e+00 0.000000e+00
0.000000e+00 0.000000e+00 0.000000e+00

72
1 2 5 6 9 10 13 14 15 17 20 22 23 26 27 30 31 34 35 37 38 40 42 44 46 48 50 52 55 56 58 59 60 62 65 67 68 69 71 74 76 77 80 81 83 84 85 86 87 88 89 90 91 92 93 94 95 96 97 98 99 100 101 102 103 104 105 106 107 108 109 110 
-1.239948e+00
44
0 2 4 6 8 11 12 14 16 17 19 21 24 25 27 29 31 33 36 37 39 40 42 44 47 48 51 53 54 56 58 59 60 62 64 66 68 70 72 73 75 77 79 82 
-1.584149e+00
57
1 3 5 7 9 11 13 14 16 18 20 22 24 26 28 30 32 34 36 37 39 41 43 45 47 49 51 53 55 57 58 59 61 63 65 67 68 70 72 74 76 78 80 82 83 84 85 86 87 88 89 90 91 92 93 94 95 
-1.460750e+00

19
-1
