34
2
haar_feature 1
3
20 16 16 12 0 -1
20 16 8 6 0 2
28 22 8 6 0 2
haar_x2_y2
0.000000e+00 0.000000e+00 0.000000e+00
-1.716756e-02 2.987698e-01 -7.274702e-01
0.000000e+00 0.000000e+00 0.000000e+00

5
haar_feature 1
2
0 14 39 21 0 -1
13 14 13 21 0 3
haar_x3_0
1.645583e-01 -5.917948e-01 1.495146e-01
0.000000e+00 0.000000e+00 0.000000e+00
3.988412e-01 -5.267238e-01 5.500945e-01

1
hog_feature 3
9
8 12 20 10
4_cells_hog
2.214719e+02 -4.988087e-01 2.619290e-01
0.000000e+00 0.000000e+00 0.000000e+00
0.000000e+00 0.000000e+00 0.000000e+00

6
hog_feature 3
28
18 2 16 32
4_cells_hog
0.000000e+00 0.000000e+00 0.000000e+00
3.496252e+02 -5.031453e-01 3.056572e-01
6.983320e+02 -3.411356e-01 5.045322e-01

2
hog_feature 3
16
22 4 12 24
4_cells_hog
0.000000e+00 0.000000e+00 0.000000e+00
1.182905e+02 -6.648977e-01 2.719037e-01
0.000000e+00 0.000000e+00 0.000000e+00

5
hog_feature 3
4
16 6 20 20
4_cells_hog
1.099545e+02 2.557288e-01 -3.378870e-01
0.000000e+00 0.000000e+00 0.000000e+00
2.419847e+02 1.477814e-01 -6.825051e-01

3
hog_feature 3
33
0 4 32 32
4_cells_hog
3.279992e+02 -4.619608e-01 1.185564e-01
5.046201e+02 2.908831e-01 -7.395725e-01
0.000000e+00 0.000000e+00 0.000000e+00

4
var_feature 2
1
12 6 4 4
one_rect_var
0.000000e+00 0.000000e+00 0.000000e+00
0.000000e+00 0.000000e+00 0.000000e+00
6.337109e+01 -5.863130e-01 2.471471e-01

2
haar_feature 1
2
14 10 8 12 0 -1
14 16 8 6 0 2
haar_y2
0.000000e+00 0.000000e+00 0.000000e+00
-6.617341e-03 2.498771e-01 -6.602618e-01
0.000000e+00 0.000000e+00 0.000000e+00

5
hog_feature 3
35
10 6 16 32
4_cells_hog
7.229180e+02 1.349739e-01 -5.595338e-01
0.000000e+00 0.000000e+00 0.000000e+00
5.617434e+02 1.183943e-01 -6.786514e-01

3
hog_feature 3
15
10 4 20 20
4_cells_hog
2.457681e+02 1.543237e-01 -4.085476e-01
1.196212e+02 -5.762987e-01 1.755497e-01
0.000000e+00 0.000000e+00 0.000000e+00

4
haar_feature 1
2
18 30 12 8 0 -1
18 34 12 4 0 2
haar_y2
0.000000e+00 0.000000e+00 0.000000e+00
0.000000e+00 0.000000e+00 0.000000e+00
-8.761041e-03 4.231182e-01 -3.259893e-01

2
hog_feature 3
31
24 0 14 28
4_cells_hog
0.000000e+00 0.000000e+00 0.000000e+00
1.611656e+02 3.468391e-01 -5.547356e-01
0.000000e+00 0.000000e+00 0.000000e+00

5
hog_feature 3
16
4 2 20 10
4_cells_hog
1.091274e+02 -2.706313e-01 1.822278e-01
0.000000e+00 0.000000e+00 0.000000e+00
5.999362e+01 -4.678824e-01 2.488017e-01

2
haar_feature 1
2
12 14 14 18 0 -1
12 26 14 6 0 3
haar_y3_2
0.000000e+00 0.000000e+00 0.000000e+00
1.312526e-02 -6.298156e-01 2.684279e-01
0.000000e+00 0.000000e+00 0.000000e+00

5
hog_feature 3
1
24 10 8 16
4_cells_hog
3.457481e+02 -1.367206e-01 5.622899e-01
0.000000e+00 0.000000e+00 0.000000e+00
5.958345e+01 -3.457397e-01 2.296327e-01

3
hog_feature 3
26
2 2 32 32
4_cells_hog
3.121724e+02 -5.902767e-01 9.132005e-02
4.340302e+02 -7.884819e-01 2.024776e-01
0.000000e+00 0.000000e+00 0.000000e+00

4
var_feature 2
1
14 20 7 4
one_rect_var
0.000000e+00 0.000000e+00 0.000000e+00
0.000000e+00 0.000000e+00 0.000000e+00
3.052832e+01 4.071559e-01 -3.478552e-01

7
hog_feature 3
4
12 10 24 24
4_cells_hog
1.271668e+02 -4.117496e-01 1.065976e-01
7.772250e+02 1.267893e-01 -8.433402e-01
5.981860e+02 7.112868e-02 -8.514464e-01

5
hog_feature 3
18
6 6 20 10
4_cells_hog
6.709692e+01 3.422402e-01 -2.379936e-01
0.000000e+00 0.000000e+00 0.000000e+00
2.865936e+01 -5.835079e-01 7.513705e-02

5
haar_feature 1
2
14 10 5 15 0 -1
14 20 5 5 0 2
haar_y3_5
-5.815704e-02 -2.828994e-01 1.114782e-01
0.000000e+00 0.000000e+00 0.000000e+00
-5.958794e-02 -5.256423e-01 1.906226e-01

5
hog_feature 3
26
8 16 28 14
4_cells_hog
1.017485e+02 -7.377502e-01 7.137149e-02
0.000000e+00 0.000000e+00 0.000000e+00
4.447388e+01 -8.012854e-01 7.155977e-02

5
hog_feature 3
27
6 2 18 36
4_cells_hog
5.001744e+02 1.991730e-01 -3.712609e-01
0.000000e+00 0.000000e+00 0.000000e+00
6.980947e+02 6.720784e-02 -4.080244e-01

5
hog_feature 3
18
24 0 14 28
4_cells_hog
7.722705e+01 -6.053028e-01 6.464536e-02
0.000000e+00 0.000000e+00 0.000000e+00
2.549207e+02 -4.427452e-01 2.016954e-01

5
hog_feature 3
34
4 0 18 18
4_cells_hog
8.329645e+02 -1.352374e-01 6.154121e-01
0.000000e+00 0.000000e+00 0.000000e+00
8.537649e+02 -5.737912e-02 6.212525e-01

5
hog_feature 3
14
14 6 10 20
4_cells_hog
3.845020e+01 2.773909e-01 -2.697332e-01
0.000000e+00 0.000000e+00 0.000000e+00
4.110968e+01 1.884247e-01 -3.377803e-01

5
hog_feature 3
4
16 14 18 18
4_cells_hog
4.556876e+02 7.958836e-02 -5.352925e-01
0.000000e+00 0.000000e+00 0.000000e+00
1.304691e+01 -7.977749e-01 1.013542e-01

1
var_feature 2
1
12 18 6 4
one_rect_var
2.254653e+02 -4.181086e-01 1.914826e-01
0.000000e+00 0.000000e+00 0.000000e+00
0.000000e+00 0.000000e+00 0.000000e+00

1
hog_feature 3
24
2 0 18 36
4_cells_hog
2.528501e+02 2.354430e-01 -3.510250e-01
0.000000e+00 0.000000e+00 0.000000e+00
0.000000e+00 0.000000e+00 0.000000e+00

1
haar_feature 1
2
14 22 8 12 0 -1
14 26 8 4 0 3
haar_y3_0
-4.041524e-03 3.214849e-01 -2.483125e-01
0.000000e+00 0.000000e+00 0.000000e+00
0.000000e+00 0.000000e+00 0.000000e+00

1
var_feature 2
1
2 0 31 5
one_rect_var
3.551244e+03 8.357284e-02 -9.047538e-01
0.000000e+00 0.000000e+00 0.000000e+00
0.000000e+00 0.000000e+00 0.000000e+00

1
haar_feature 1
2
24 12 14 18 0 -1
31 12 7 18 0 2
haar_x2
-3.642514e-02 3.433220e-01 -2.052221e-01
0.000000e+00 0.000000e+00 0.000000e+00
0.000000e+00 0.000000e+00 0.000000e+00

1
hog_feature 3
10
2 22 12 6
4_cells_hog
1.651926e+02 -1.174378e-01 6.214079e-01
0.000000e+00 0.000000e+00 0.000000e+00
0.000000e+00 0.000000e+00 0.000000e+00

1
hog_feature 3
2
10 8 20 10
4_cells_hog
8.842118e+01 2.024765e-01 -4.323415e-01
0.000000e+00 0.000000e+00 0.000000e+00
0.000000e+00 0.000000e+00 0.000000e+00

25
1 2 5 6 9 10 13 15 16 18 19 20 21 22 23 24 25 26 27 28 29 30 31 32 33 
-1.928641e+00
10
0 3 4 6 8 10 12 14 16 18 
-1.986098e+00
18
1 3 5 7 9 11 13 15 17 18 19 20 21 22 23 24 25 26 
-1.906605e+00

3
-1
