38
3
hog_feature 3
15
2 6 32 16
4_cells_hog
2.720923e+02 7.904540e-01 5.555556e-01
3.996814e+01 -1.000000e+00 8.883542e-01
0.000000e+00 0.000000e+00 0.000000e+00

4
haar_feature 1
2
16 6 10 30 0 -1
16 16 10 10 0 2
haar_y3_3
0.000000e+00 0.000000e+00 0.000000e+00
0.000000e+00 0.000000e+00 0.000000e+00
-6.276809e-02 8.210624e-01 -1.000000e+00

2
haar_feature 1
2
10 20 6 5 0 -1
13 20 3 5 0 2
haar_x2
0.000000e+00 0.000000e+00 0.000000e+00
-6.117672e-05 6.890948e-01 -4.082399e-01
0.000000e+00 0.000000e+00 0.000000e+00

5
hog_feature 3
17
0 2 32 16
4_cells_hog
4.084131e+02 -1.964369e-01 3.424133e-01
0.000000e+00 0.000000e+00 0.000000e+00
3.370537e+02 -2.120863e-01 5.225010e-01

2
hog_feature 3
34
4 8 30 30
4_cells_hog
0.000000e+00 0.000000e+00 0.000000e+00
3.456096e+02 4.765975e-01 -6.143761e-01
0.000000e+00 0.000000e+00 0.000000e+00

5
haar_feature 1
2
18 2 16 12 0 -1
18 6 16 4 0 2
haar_y3_3
-8.349350e-02 -1.255702e-01 2.885850e-01
0.000000e+00 0.000000e+00 0.000000e+00
-8.316733e-02 -1.610164e-01 7.207907e-01

2
hog_feature 3
6
8 16 18 18
4_cells_hog
0.000000e+00 0.000000e+00 0.000000e+00
2.241214e+02 -5.015586e-01 5.289508e-01
0.000000e+00 0.000000e+00 0.000000e+00

5
hog_feature 3
29
12 22 16 16
4_cells_hog
2.802648e+02 -9.608044e-02 4.829215e-01
0.000000e+00 0.000000e+00 0.000000e+00
2.004082e+02 -3.225447e-01 3.227201e-01

1
hog_feature 3
16
8 6 12 6
4_cells_hog
1.651844e+02 -1.556007e-01 5.908626e-01
0.000000e+00 0.000000e+00 0.000000e+00
0.000000e+00 0.000000e+00 0.000000e+00

6
hog_feature 3
2
8 24 10 10
4_cells_hog
0.000000e+00 0.000000e+00 0.000000e+00
2.032918e+01 4.344841e-01 -5.936851e-01
6.513876e+01 1.397539e-01 -4.381581e-01

3
var_feature 2
1
2 32 36 7
one_rect_var
1.137231e+03 -1.842425e-01 1.955930e-01
3.976958e+02 -6.515462e-01 3.292827e-01
0.000000e+00 0.000000e+00 0.000000e+00

4
hog_feature 3
33
22 22 10 10
4_cells_hog
0.000000e+00 0.000000e+00 0.000000e+00
0.000000e+00 0.000000e+00 0.000000e+00
5.338257e+00 5.078754e-01 -2.676265e-01

7
hog_feature 3
7
4 0 6 12
4_cells_hog
1.189563e+01 2.604827e-01 -2.556688e-01
3.795770e+01 1.837053e-01 -6.171854e-01
1.687918e+01 2.744994e-01 -2.761570e-01

1
hog_feature 3
20
6 8 18 18
4_cells_hog
1.229540e+02 -4.060469e-01 2.812149e-01
0.000000e+00 0.000000e+00 0.000000e+00
0.000000e+00 0.000000e+00 0.000000e+00

6
hog_feature 3
22
12 10 14 14
4_cells_hog
0.000000e+00 0.000000e+00 0.000000e+00
6.844372e+01 -4.235037e-01 2.428283e-01
9.055374e+00 -6.685635e-01 1.875387e-01

3
haar_feature 1
3
22 0 16 22 0 -1
22 0 8 11 0 2
30 11 8 11 0 2
haar_x2_y2
-1.391826e-02 2.701514e-01 -2.257104e-01
9.452213e-03 -4.042498e-01 4.781279e-01
0.000000e+00 0.000000e+00 0.000000e+00

4
hog_feature 3
31
2 6 20 10
4_cells_hog
0.000000e+00 0.000000e+00 0.000000e+00
0.000000e+00 0.000000e+00 0.000000e+00
1.704851e+01 5.440131e-01 -2.597478e-01

1
hog_feature 3
22
20 2 10 10
4_cells_hog
6.777413e+01 1.717074e-01 -5.651016e-01
0.000000e+00 0.000000e+00 0.000000e+00
0.000000e+00 0.000000e+00 0.000000e+00

6
hog_feature 3
8
6 24 20 10
4_cells_hog
0.000000e+00 0.000000e+00 0.000000e+00
6.628387e+01 -5.074306e-01 2.760001e-01
1.030976e+02 -4.349113e-01 2.648994e-01

1
haar_feature 1
2
20 26 6 12 0 -1
20 30 6 4 0 3
haar_y3_0
-7.621612e-04 4.069959e-01 -2.423066e-01
0.000000e+00 0.000000e+00 0.000000e+00
0.000000e+00 0.000000e+00 0.000000e+00

6
hog_feature 3
1
20 10 10 20
4_cells_hog
0.000000e+00 0.000000e+00 0.000000e+00
4.858307e+01 -6.721516e-01 3.107189e-01
3.712451e+02 -1.238357e-01 5.322576e-01

5
haar_feature 1
3
12 14 10 6 0 -1
12 14 5 3 0 2
17 17 5 3 0 2
haar_x2_y2
-9.442647e-03 7.539070e-01 -7.956255e-02
0.000000e+00 0.000000e+00 0.000000e+00
-5.743182e-03 -7.850086e-01 1.237445e-01

5
hog_feature 3
10
26 18 12 12
4_cells_hog
1.079834e+01 3.945896e-01 -1.411433e-01
0.000000e+00 0.000000e+00 0.000000e+00
5.851636e+01 3.466856e-01 -3.074683e-01

5
hog_feature 3
7
14 0 20 10
4_cells_hog
9.950771e+01 -2.494412e-01 2.735703e-01
0.000000e+00 0.000000e+00 0.000000e+00
9.440575e+00 -7.290829e-01 1.212425e-01

5
var_feature 2
1
0 8 29 4
one_rect_var
7.648681e+02 3.703786e-01 -1.778591e-01
0.000000e+00 0.000000e+00 0.000000e+00
1.954926e+03 1.618940e-01 -4.398737e-01

5
var_feature 2
1
6 34 6 4
one_rect_var
9.246997e+02 -1.069145e-01 5.933230e-01
0.000000e+00 0.000000e+00 0.000000e+00
2.348801e+02 -2.407923e-01 3.506651e-01

5
haar_feature 1
3
26 12 10 6 0 -1
26 12 5 3 0 2
31 15 5 3 0 2
haar_x2_y2
-1.276286e-02 1.000000e+00 -2.453502e-02
0.000000e+00 0.000000e+00 0.000000e+00
-1.161036e-03 5.435998e-01 -2.448158e-01

5
hog_feature 3
22
22 2 14 14
4_cells_hog
5.844841e+01 2.171980e-01 -3.912285e-01
0.000000e+00 0.000000e+00 0.000000e+00
9.876398e+01 1.590807e-01 -3.628336e-01

5
haar_feature 1
3
0 14 6 24 0 -1
0 14 3 12 0 2
3 26 3 12 0 2
haar_x2_y2
-1.893510e-03 -3.362892e-01 2.815256e-01
0.000000e+00 0.000000e+00 0.000000e+00
-2.963620e-02 1.000000e+00 -4.059647e-02

5
haar_feature 1
2
8 30 30 3 0 -1
18 30 10 3 0 2
haar_x3_3
-5.969071e-02 -3.484828e-01 1.787160e-01
0.000000e+00 0.000000e+00 0.000000e+00
-1.823086e-02 -8.856167e-02 8.173130e-01

5
var_feature 2
1
22 32 4 6
one_rect_var
1.676421e+02 3.004454e-01 -3.010141e-01
0.000000e+00 0.000000e+00 0.000000e+00
1.524745e+03 9.084088e-02 -5.115115e-01

5
haar_feature 1
2
24 0 6 9 0 -1
24 3 6 3 0 3
haar_y3_0
4.952864e-03 -1.214121e-01 6.936136e-01
0.000000e+00 0.000000e+00 0.000000e+00
5.198510e-03 -1.121570e-01 4.098253e-01

5
hog_feature 3
32
2 6 26 26
4_cells_hog
3.339324e+02 -2.354511e-01 2.049865e-01
0.000000e+00 0.000000e+00 0.000000e+00
2.677299e+02 1.769252e-01 -5.549291e-01

1
hog_feature 3
31
14 28 8 8
4_cells_hog
4.999969e+00 3.851748e-01 -2.374649e-01
0.000000e+00 0.000000e+00 0.000000e+00
0.000000e+00 0.000000e+00 0.000000e+00

1
haar_feature 1
2
0 6 32 5 0 -1
16 6 16 5 0 2
haar_x2
-2.602694e-02 -4.014739e-01 2.086851e-01
0.000000e+00 0.000000e+00 0.000000e+00
0.000000e+00 0.000000e+00 0.000000e+00

1
haar_feature 1
2
10 0 24 26 0 -1
10 0 8 26 0 3
haar_x3_1
-1.896667e-01 -5.716272e-01 1.408397e-01
0.000000e+00 0.000000e+00 0.000000e+00
0.000000e+00 0.000000e+00 0.000000e+00

1
var_feature 2
1
36 2 4 5
one_rect_var
2.807902e+02 1.970349e-01 -4.012114e-01
0.000000e+00 0.000000e+00 0.000000e+00
0.000000e+00 0.000000e+00 0.000000e+00

1
hog_feature 3
18
8 14 8 16
4_cells_hog
1.663403e+02 -2.169745e-01 3.859858e-01
0.000000e+00 0.000000e+00 0.000000e+00
0.000000e+00 0.000000e+00 0.000000e+00

28
0 3 5 7 8 10 12 13 15 17 19 21 22 23 24 25 26 27 28 29 30 31 32 33 34 35 36 37 
-2.511164e-01
11
0 2 4 6 9 10 12 14 15 18 20 
3.497040e-02
23
1 3 5 7 9 11 12 14 16 18 20 21 22 23 24 25 26 27 28 29 30 31 32 
-2.646387e-01

16
-1
