4
7
hog_feature 3
4
6 9 28 28
4_cells_hog
1.761238e+03 -8.319783e-01 4.632035e-01
9.629409e+02 -8.592592e-01 9.696969e-02
2.046221e+03 -8.337662e-01 5.627907e-01

7
hog_feature 3
30
21 6 16 32
4_cells_hog
1.427414e+02 7.071202e-01 -6.957202e-01
2.185165e+02 6.377719e-01 -8.593850e-01
1.544796e+02 -9.213707e-01 -1.057848e-01

7
hog_feature 3
3
9 9 22 22
4_cells_hog
4.516549e+02 -5.491236e-01 3.610656e-01
9.540392e+02 -7.969332e-01 6.868247e-01
4.192944e+02 -5.551901e-01 2.798988e-01

5
hog_feature 3
4
6 15 16 16
4_cells_hog
4.147941e+02 -7.069884e-01 3.378129e-01
0.000000e+00 0.000000e+00 0.000000e+00
4.096167e+02 -8.879353e-01 2.983543e-01

4
0 1 2 3 
-1.380970e+00
3
0 1 2 
-1.018420e+00
4
0 1 2 3 
-1.547588e+00

-1
-1
