13
6
hog_feature 3
29
0 0 16 16
4_cells_hog
0.000000e+00 0.000000e+00 0.000000e+00
4.607903e+02 -7.959183e-01 2.840467e-01
3.758458e+02 -2.834646e-01 -6.086956e-01

7
hog_feature 3
26
0 3 10 20
4_cells_hog
4.847154e+01 -6.545454e-01 -1.473684e-01
7.846831e+01 -7.337588e-01 2.208114e-01
5.455579e+01 -4.913563e-01 2.120942e-01

7
hog_feature 3
18
9 6 16 16
4_cells_hog
1.542804e+01 2.954191e-01 -2.045435e-01
1.709282e+02 1.890198e-01 -9.112831e-01
6.622821e+01 1.749131e-01 -6.073489e-01

7
hog_feature 3
23
12 0 28 28
4_cells_hog
6.334878e+02 -9.005241e-01 1.495885e-01
9.392042e+02 -8.739908e-01 1.844733e-01
1.934410e+03 -1.388431e-01 3.528733e-01

7
haar_feature 1
2
21 12 19 27 0 -1
21 12 19 9 0 3
haar_y3_1
3.153814e-02 -3.915371e-01 1.501046e-01
-5.952905e-02 -8.302621e-01 1.546786e-01
3.630486e-02 -5.006202e-01 2.324191e-01

5
haar_feature 1
2
15 18 14 3 0 -1
22 18 7 3 0 2
haar_x2
1.225376e-03 -3.992456e-01 2.278779e-01
0.000000e+00 0.000000e+00 0.000000e+00
2.420868e-03 2.106343e-01 -5.615168e-01

5
hog_feature 3
30
6 3 22 22
4_cells_hog
1.983004e+02 -7.640685e-01 1.443068e-01
0.000000e+00 0.000000e+00 0.000000e+00
2.961707e+02 -8.350291e-01 1.013441e-01

5
hog_feature 3
16
6 12 10 20
4_cells_hog
1.437498e+02 1.238770e-01 -5.308259e-01
0.000000e+00 0.000000e+00 0.000000e+00
5.771155e+01 1.719308e-01 -5.569733e-01

5
hog_feature 3
26
15 21 20 10
4_cells_hog
2.898054e+02 -1.903260e-01 2.955143e-01
0.000000e+00 0.000000e+00 0.000000e+00
1.119844e+02 -4.480240e-01 3.144104e-01

5
hog_feature 3
16
15 12 22 22
4_cells_hog
1.127561e+02 -8.759195e-01 1.286180e-01
0.000000e+00 0.000000e+00 0.000000e+00
6.445312e+01 -8.754162e-01 7.714752e-02

5
hog_feature 3
24
0 6 34 34
4_cells_hog
1.285810e+03 1.171264e-01 -5.399887e-01
0.000000e+00 0.000000e+00 0.000000e+00
2.670380e+02 4.832402e-01 -2.463969e-01

5
hog_feature 3
32
3 15 20 10
4_cells_hog
8.790363e+01 -5.988110e-01 5.919441e-02
0.000000e+00 0.000000e+00 0.000000e+00
3.507354e+02 -3.969832e-01 4.293763e-01

5
hog_feature 3
8
12 0 10 20
4_cells_hog
4.698316e+02 -9.890194e-02 5.511849e-01
0.000000e+00 0.000000e+00 0.000000e+00
4.103055e+02 -1.959536e-01 7.334663e-01

12
1 2 3 4 5 6 7 8 9 10 11 12 
-1.246380e+00
5
0 1 2 3 4 
-1.021843e+00
13
0 1 2 3 4 5 6 7 8 9 10 11 12 
-1.314846e+00

7
-1
