5
1
var_feature 2
1
16 10 6 8
one_rect_var
1.908557e+01 -1.000000e+00 9.938335e-01
0.000000e+00 0.000000e+00 0.000000e+00
0.000000e+00 0.000000e+00 0.000000e+00

6
hog_feature 3
9
8 2 18 36
4_cells_hog
0.000000e+00 0.000000e+00 0.000000e+00
2.449283e+01 -1.000000e+00 9.979487e-01
4.693686e+01 -1.000000e+00 9.917611e-01

5
haar_feature 1
2
6 24 11 9 0 -1
6 27 11 3 0 3
haar_y3_0
3.131337e-02 9.789833e-01 -7.589926e-01
0.000000e+00 0.000000e+00 0.000000e+00
-1.588555e-02 -5.684212e-01 9.809312e-01

1
haar_feature 1
2
0 4 27 5 0 -1
18 4 9 5 0 3
haar_x3_2
1.213211e-01 9.536695e-01 -9.427190e-01
0.000000e+00 0.000000e+00 0.000000e+00
0.000000e+00 0.000000e+00 0.000000e+00

4
hog_feature 3
9
14 4 10 20
4_cells_hog
0.000000e+00 0.000000e+00 0.000000e+00
0.000000e+00 0.000000e+00 0.000000e+00
1.727368e+01 -8.720186e-01 9.779118e-01

3
0 2 3 
1.030098e+00
1
1 
9.979487e-01
3
1 2 4 
1.100674e+00

25
-1
