4
3
var_feature 2
1
14 32 16 4
one_rect_var
6.542871e+01 -1.000000e+00 9.889503e-01
1.145044e+02 -6.666667e-01 9.779006e-01
0.000000e+00 0.000000e+00 0.000000e+00

4
hog_feature 3
25
10 18 14 14
4_cells_hog
0.000000e+00 0.000000e+00 0.000000e+00
0.000000e+00 0.000000e+00 0.000000e+00
5.841479e+01 -1.000000e+00 9.780220e-01

2
hog_feature 3
25
20 2 18 18
4_cells_hog
0.000000e+00 0.000000e+00 0.000000e+00
1.322667e+02 -8.960201e-01 9.706295e-01
0.000000e+00 0.000000e+00 0.000000e+00

2
haar_feature 1
3
4 4 20 10 0 -1
4 4 10 5 0 2
14 9 10 5 0 2
haar_x2_y2
0.000000e+00 0.000000e+00 0.000000e+00
-3.378803e-02 -1.000000e+00 9.545248e-01
0.000000e+00 0.000000e+00 0.000000e+00

1
0 
9.889503e-01
3
0 2 3 
1.036405e+00
1
1 
9.780220e-01

20
-1
