43
2
haar_feature 1
3
14 16 14 8 0 -1
14 16 7 4 0 2
21 20 7 4 0 2
haar_x2_y2
0.000000e+00 0.000000e+00 0.000000e+00
1.708540e-02 -5.792254e-01 4.502104e-01
0.000000e+00 0.000000e+00 0.000000e+00

5
haar_feature 1
2
0 10 39 26 0 -1
13 10 13 26 0 3
haar_x3_0
3.492326e-01 -4.854625e-01 1.537377e-01
0.000000e+00 0.000000e+00 0.000000e+00
5.208254e-01 -4.805611e-01 4.209446e-01

2
hog_feature 3
34
14 6 14 28
4_cells_hog
0.000000e+00 0.000000e+00 0.000000e+00
1.169161e+02 2.448200e-01 -6.490822e-01
0.000000e+00 0.000000e+00 0.000000e+00

5
hog_feature 3
32
2 0 28 14
4_cells_hog
8.972198e+01 2.448498e-01 -3.661670e-01
0.000000e+00 0.000000e+00 0.000000e+00
6.155150e+01 2.482075e-01 -2.461085e-01

3
hog_feature 3
18
2 8 12 12
4_cells_hog
2.864888e+01 2.338043e-01 -1.763608e-01
8.617766e+01 -5.447041e-01 2.982669e-01
0.000000e+00 0.000000e+00 0.000000e+00

4
hog_feature 3
20
20 28 16 8
4_cells_hog
0.000000e+00 0.000000e+00 0.000000e+00
0.000000e+00 0.000000e+00 0.000000e+00
7.155157e+01 -4.442933e-01 2.847342e-01

2
hog_feature 3
22
2 4 14 28
4_cells_hog
0.000000e+00 0.000000e+00 0.000000e+00
1.015888e+02 3.517984e-01 -4.419983e-01
0.000000e+00 0.000000e+00 0.000000e+00

5
hog_feature 3
26
6 16 16 16
4_cells_hog
1.388362e+02 -3.822494e-01 1.593265e-01
0.000000e+00 0.000000e+00 0.000000e+00
2.701135e+02 -3.265110e-01 2.469489e-01

2
hog_feature 3
24
8 10 18 18
4_cells_hog
0.000000e+00 0.000000e+00 0.000000e+00
1.580813e+02 -5.546756e-01 3.074496e-01
0.000000e+00 0.000000e+00 0.000000e+00

5
hog_feature 3
23
14 8 12 24
4_cells_hog
4.307452e+01 -4.548250e-01 6.004538e-02
0.000000e+00 0.000000e+00 0.000000e+00
7.602356e+01 1.984692e-01 -5.264218e-01

1
hog_feature 3
7
14 10 12 24
4_cells_hog
5.450931e+02 -1.685680e-01 4.667490e-01
0.000000e+00 0.000000e+00 0.000000e+00
0.000000e+00 0.000000e+00 0.000000e+00

6
haar_feature 1
2
12 0 18 9 0 -1
12 0 18 3 0 3
haar_y3_1
0.000000e+00 0.000000e+00 0.000000e+00
-3.902138e-02 5.332109e-01 -2.517319e-01
-1.958087e-02 3.522962e-01 -2.214160e-01

3
hog_feature 3
31
0 2 32 16
4_cells_hog
2.003833e+02 1.694560e-01 -2.288683e-01
4.549319e+02 2.602956e-01 -6.150010e-01
0.000000e+00 0.000000e+00 0.000000e+00

4
hog_feature 3
19
14 24 12 12
4_cells_hog
0.000000e+00 0.000000e+00 0.000000e+00
0.000000e+00 0.000000e+00 0.000000e+00
5.023755e+01 2.445582e-01 -4.329365e-01

2
hog_feature 3
23
30 16 8 16
4_cells_hog
0.000000e+00 0.000000e+00 0.000000e+00
1.460474e+01 3.789636e-01 -3.988946e-01
0.000000e+00 0.000000e+00 0.000000e+00

5
hog_feature 3
1
24 10 14 28
4_cells_hog
7.608713e+02 -1.326176e-01 4.111478e-01
0.000000e+00 0.000000e+00 0.000000e+00
2.480132e+02 -3.658150e-01 2.116530e-01

1
var_feature 2
1
20 20 7 4
one_rect_var
3.890576e+02 2.794329e-01 -3.283286e-01
0.000000e+00 0.000000e+00 0.000000e+00
0.000000e+00 0.000000e+00 0.000000e+00

6
haar_feature 1
2
14 16 6 6 0 -1
14 19 6 3 0 2
haar_y2
0.000000e+00 0.000000e+00 0.000000e+00
-9.035049e-04 2.484852e-01 -5.013834e-01
9.895758e-05 -3.240654e-01 2.184081e-01

3
haar_feature 1
2
12 0 17 21 0 -1
12 14 17 7 0 3
haar_y3_2
2.430349e-02 -1.989114e-01 1.843540e-01
-1.679960e-01 6.177617e-01 -2.143598e-01
0.000000e+00 0.000000e+00 0.000000e+00

4
var_feature 2
1
14 18 9 4
one_rect_var
0.000000e+00 0.000000e+00 0.000000e+00
0.000000e+00 0.000000e+00 0.000000e+00
4.421230e+02 1.827677e-01 -5.466759e-01

2
haar_feature 1
2
6 2 30 12 0 -1
6 2 30 4 0 3
haar_y3_1
0.000000e+00 0.000000e+00 0.000000e+00
-8.933356e-02 6.251373e-01 -2.107552e-01
0.000000e+00 0.000000e+00 0.000000e+00

5
haar_feature 1
2
12 28 28 12 0 -1
12 28 28 4 0 2
haar_y3_4
-1.863928e-01 -3.118575e-01 1.917142e-01
0.000000e+00 0.000000e+00 0.000000e+00
-1.746849e-01 -3.194479e-01 2.202604e-01

3
hog_feature 3
31
16 10 14 28
4_cells_hog
4.959009e+02 8.311838e-02 -4.940701e-01
5.685788e+01 5.237794e-01 -2.275283e-01
0.000000e+00 0.000000e+00 0.000000e+00

4
hog_feature 3
7
6 14 20 10
4_cells_hog
0.000000e+00 0.000000e+00 0.000000e+00
0.000000e+00 0.000000e+00 0.000000e+00
3.717106e+02 -1.673321e-01 6.109867e-01

5
var_feature 2
1
2 0 38 8
one_rect_var
1.496356e+03 2.154726e-01 -2.980684e-01
0.000000e+00 0.000000e+00 0.000000e+00
3.323464e+03 1.103527e-01 -6.193861e-01

5
hog_feature 3
27
10 2 14 14
4_cells_hog
5.628818e+01 -5.011672e-01 8.730766e-02
0.000000e+00 0.000000e+00 0.000000e+00
4.012454e+01 -7.053592e-01 1.102381e-01

5
hog_feature 3
35
8 18 18 18
4_cells_hog
5.675474e+02 6.367554e-02 -4.737462e-01
0.000000e+00 0.000000e+00 0.000000e+00
2.403864e+02 1.458441e-01 -5.387604e-01

5
hog_feature 3
3
10 10 24 12
4_cells_hog
4.656869e+01 1.961509e-01 -1.488114e-01
0.000000e+00 0.000000e+00 0.000000e+00
1.582471e+02 1.316734e-01 -5.625376e-01

5
var_feature 2
1
22 10 5 5
one_rect_var
2.081294e+02 -3.792346e-01 1.747642e-01
0.000000e+00 0.000000e+00 0.000000e+00
3.826328e+02 -2.216400e-01 2.169867e-01

5
hog_feature 3
23
4 0 16 32
4_cells_hog
2.160837e+02 1.710647e-01 -2.564172e-01
0.000000e+00 0.000000e+00 0.000000e+00
1.787285e+02 1.956667e-01 -2.914417e-01

5
hog_feature 3
4
14 14 18 18
4_cells_hog
2.419048e+01 -7.507808e-01 6.710901e-02
0.000000e+00 0.000000e+00 0.000000e+00
1.503936e+01 -6.654295e-01 6.974718e-02

5
hog_feature 3
19
10 6 12 6
4_cells_hog
2.185931e+01 1.489041e-01 -2.599672e-01
0.000000e+00 0.000000e+00 0.000000e+00
4.770320e+01 -2.394411e-01 2.544739e-01

5
hog_feature 3
11
28 24 10 10
4_cells_hog
1.769513e+01 1.911045e-01 -2.296477e-01
0.000000e+00 0.000000e+00 0.000000e+00
2.282574e+01 2.222339e-01 -2.392856e-01

5
hog_feature 3
19
24 8 14 28
4_cells_hog
1.158275e+02 -2.566212e-01 1.029268e-01
0.000000e+00 0.000000e+00 0.000000e+00
1.811216e+02 -5.036695e-01 1.683171e-01

1
hog_feature 3
22
20 30 12 6
4_cells_hog
3.603870e+01 1.419929e-01 -4.137588e-01
0.000000e+00 0.000000e+00 0.000000e+00
0.000000e+00 0.000000e+00 0.000000e+00

1
var_feature 2
1
2 34 38 6
one_rect_var
8.340042e+02 -3.631583e-01 1.760604e-01
0.000000e+00 0.000000e+00 0.000000e+00
0.000000e+00 0.000000e+00 0.000000e+00

1
hog_feature 3
34
12 4 10 20
4_cells_hog
5.776193e+01 -5.100355e-01 1.081912e-01
0.000000e+00 0.000000e+00 0.000000e+00
0.000000e+00 0.000000e+00 0.000000e+00

1
hog_feature 3
7
0 2 20 10
4_cells_hog
1.894427e+01 3.329362e-01 -1.805151e-01
0.000000e+00 0.000000e+00 0.000000e+00
0.000000e+00 0.000000e+00 0.000000e+00

1
hog_feature 3
20
8 10 14 14
4_cells_hog
1.095644e+02 -2.633981e-01 2.584240e-01
0.000000e+00 0.000000e+00 0.000000e+00
0.000000e+00 0.000000e+00 0.000000e+00

1
hog_feature 3
12
12 8 18 18
4_cells_hog
8.965506e+01 2.455122e-01 -2.873606e-01
0.000000e+00 0.000000e+00 0.000000e+00
0.000000e+00 0.000000e+00 0.000000e+00

1
hog_feature 3
12
6 0 20 10
4_cells_hog
2.752997e+01 -3.442506e-01 1.812632e-01
0.000000e+00 0.000000e+00 0.000000e+00
0.000000e+00 0.000000e+00 0.000000e+00

1
hog_feature 3
26
18 14 14 14
4_cells_hog
3.546947e+02 8.672637e-02 -6.182715e-01
0.000000e+00 0.000000e+00 0.000000e+00
0.000000e+00 0.000000e+00 0.000000e+00

1
hog_feature 3
21
10 24 24 12
4_cells_hog
1.037029e+02 1.771650e-01 -2.913595e-01
0.000000e+00 0.000000e+00 0.000000e+00
0.000000e+00 0.000000e+00 0.000000e+00

31
1 3 4 7 9 10 12 15 16 18 21 22 24 25 26 27 28 29 30 31 32 33 34 35 36 37 38 39 40 41 42 
-1.648417e+00
12
0 2 4 6 8 11 12 14 17 18 20 22 
-1.859078e+00
22
1 3 5 7 9 11 13 15 17 19 21 23 24 25 26 27 28 29 30 31 32 33 
-1.688145e+00

5
-1
