36
2
haar_feature 1
2
12 10 9 21 0 -1
12 17 9 7 0 3
haar_y3_0
0.000000e+00 0.000000e+00 0.000000e+00
-7.735684e-02 5.100865e-01 -5.884917e-01
0.000000e+00 0.000000e+00 0.000000e+00

5
haar_feature 1
2
0 16 39 19 0 -1
13 16 13 19 0 3
haar_x3_0
3.456479e-01 -4.680429e-01 3.948498e-01
0.000000e+00 0.000000e+00 0.000000e+00
3.965625e-01 -4.963385e-01 4.269450e-01

1
hog_feature 3
26
18 0 10 20
4_cells_hog
1.472656e+02 -5.021387e-01 1.965034e-01
0.000000e+00 0.000000e+00 0.000000e+00
0.000000e+00 0.000000e+00 0.000000e+00

6
hog_feature 3
28
16 14 18 18
4_cells_hog
0.000000e+00 0.000000e+00 0.000000e+00
4.818252e+02 -2.991908e-01 5.189058e-01
4.403833e+02 -3.289966e-01 4.362513e-01

1
hog_feature 3
15
20 8 10 20
4_cells_hog
4.406172e+01 2.974842e-01 -3.705988e-01
0.000000e+00 0.000000e+00 0.000000e+00
0.000000e+00 0.000000e+00 0.000000e+00

6
hog_feature 3
33
2 2 34 34
4_cells_hog
0.000000e+00 0.000000e+00 0.000000e+00
4.892722e+02 3.401158e-01 -6.360184e-01
7.445590e+02 1.088211e-01 -4.144732e-01

3
haar_feature 1
2
14 10 8 12 0 -1
14 16 8 6 0 2
haar_y2
6.443392e-03 -1.801486e-01 2.384852e-01
-6.608158e-03 2.475858e-01 -6.236285e-01
0.000000e+00 0.000000e+00 0.000000e+00

4
var_feature 2
1
18 2 4 4
one_rect_var
0.000000e+00 0.000000e+00 0.000000e+00
0.000000e+00 0.000000e+00 0.000000e+00
8.576172e+01 -5.121417e-01 2.247325e-01

3
hog_feature 3
21
2 0 18 36
4_cells_hog
5.551423e+02 1.040868e-01 -4.438944e-01
2.997773e+02 2.359132e-01 -6.116677e-01
0.000000e+00 0.000000e+00 0.000000e+00

4
var_feature 2
1
14 20 6 5
one_rect_var
0.000000e+00 0.000000e+00 0.000000e+00
0.000000e+00 0.000000e+00 0.000000e+00
3.228082e+01 3.912459e-01 -3.264220e-01

3
hog_feature 3
2
4 6 28 14
4_cells_hog
2.036371e+02 1.590864e-01 -3.658021e-01
1.311989e+02 -6.304924e-01 2.012084e-01
0.000000e+00 0.000000e+00 0.000000e+00

4
haar_feature 1
2
16 30 12 6 0 -1
16 33 12 3 0 2
haar_y2
0.000000e+00 0.000000e+00 0.000000e+00
0.000000e+00 0.000000e+00 0.000000e+00
-2.696763e-03 3.193251e-01 -3.877525e-01

3
var_feature 2
1
14 14 4 7
one_rect_var
1.530352e+02 -5.238249e-01 1.650933e-01
9.274539e+02 1.202331e-01 -6.665444e-01
0.000000e+00 0.000000e+00 0.000000e+00

4
hog_feature 3
25
8 0 10 20
4_cells_hog
0.000000e+00 0.000000e+00 0.000000e+00
0.000000e+00 0.000000e+00 0.000000e+00
3.017098e+02 -2.001887e-01 6.127548e-01

7
hog_feature 3
10
12 14 14 14
4_cells_hog
1.459586e+02 -2.067197e-01 1.671077e-01
5.735791e+01 -5.749323e-01 2.062365e-01
2.733942e+01 -6.278239e-01 1.562912e-01

3
hog_feature 3
7
0 0 18 18
4_cells_hog
7.776762e+01 2.693410e-01 -2.209869e-01
4.636815e+01 4.049217e-01 -3.592982e-01
0.000000e+00 0.000000e+00 0.000000e+00

4
hog_feature 3
13
0 10 24 12
4_cells_hog
0.000000e+00 0.000000e+00 0.000000e+00
0.000000e+00 0.000000e+00 0.000000e+00
1.136237e+02 1.767117e-01 -6.371754e-01

2
hog_feature 3
16
20 4 14 28
4_cells_hog
0.000000e+00 0.000000e+00 0.000000e+00
3.654130e+02 -3.751818e-01 4.569557e-01
0.000000e+00 0.000000e+00 0.000000e+00

5
hog_feature 3
23
16 18 10 10
4_cells_hog
7.310181e+00 -5.785791e-01 1.363422e-01
0.000000e+00 0.000000e+00 0.000000e+00
2.945599e+01 9.371258e-02 -4.889144e-01

1
hog_feature 3
22
14 28 16 8
4_cells_hog
5.827826e+01 1.948206e-01 -4.451182e-01
0.000000e+00 0.000000e+00 0.000000e+00
0.000000e+00 0.000000e+00 0.000000e+00

6
hog_feature 3
20
20 30 16 8
4_cells_hog
0.000000e+00 0.000000e+00 0.000000e+00
1.238580e+02 -2.293892e-01 4.497203e-01
2.247788e+02 -1.724320e-01 5.112862e-01

1
hog_feature 3
7
12 6 16 16
4_cells_hog
4.184314e+02 -2.139682e-01 4.786848e-01
0.000000e+00 0.000000e+00 0.000000e+00
0.000000e+00 0.000000e+00 0.000000e+00

6
hog_feature 3
11
28 2 10 20
4_cells_hog
0.000000e+00 0.000000e+00 0.000000e+00
4.510313e+01 4.035500e-01 -3.863793e-01
5.413770e+01 2.364226e-01 -2.103498e-01

2
haar_feature 1
2
16 12 5 21 0 -1
16 26 5 7 0 3
haar_y3_2
0.000000e+00 0.000000e+00 0.000000e+00
4.201628e-03 -6.745815e-01 2.257787e-01
0.000000e+00 0.000000e+00 0.000000e+00

5
hog_feature 3
22
16 10 14 14
4_cells_hog
1.601927e+01 -5.833927e-01 8.957338e-02
0.000000e+00 0.000000e+00 0.000000e+00
9.000031e+00 -6.845621e-01 1.358864e-01

5
hog_feature 3
10
18 4 12 24
4_cells_hog
6.879946e+02 -1.552304e-01 5.260913e-01
0.000000e+00 0.000000e+00 0.000000e+00
1.900100e+02 -2.103057e-01 1.667915e-01

5
hog_feature 3
18
16 0 18 36
4_cells_hog
9.696802e+02 1.235504e-01 -6.317874e-01
0.000000e+00 0.000000e+00 0.000000e+00
8.628564e+02 1.067639e-01 -5.572996e-01

5
hog_feature 3
13
8 28 10 10
4_cells_hog
4.022430e+01 1.396248e-01 -3.086416e-01
0.000000e+00 0.000000e+00 0.000000e+00
9.055405e+00 2.714754e-01 -3.080110e-01

5
hog_feature 3
17
4 2 28 14
4_cells_hog
2.949396e+02 -2.884418e-01 1.315834e-01
0.000000e+00 0.000000e+00 0.000000e+00
7.313586e+01 -8.752506e-01 1.089319e-01

5
hog_feature 3
14
14 6 10 20
4_cells_hog
2.370653e+01 2.701919e-01 -2.049891e-01
0.000000e+00 0.000000e+00 0.000000e+00
3.076872e+01 2.246531e-01 -3.085301e-01

5
hog_feature 3
16
6 28 10 10
4_cells_hog
3.324515e+01 -2.717751e-01 1.753598e-01
0.000000e+00 0.000000e+00 0.000000e+00
4.910966e+01 -2.774717e-01 3.436785e-01

5
hog_feature 3
24
2 8 12 24
4_cells_hog
1.524855e+02 1.883176e-01 -4.392560e-01
0.000000e+00 0.000000e+00 0.000000e+00
2.002411e+01 2.761227e-01 -9.407681e-02

5
var_feature 2
1
16 2 5 13
one_rect_var
7.595605e+01 -7.867323e-01 6.065289e-02
0.000000e+00 0.000000e+00 0.000000e+00
3.110193e+01 -9.421890e-01 7.034931e-02

1
hog_feature 3
1
8 22 16 8
4_cells_hog
1.797848e+02 -1.898010e-01 4.405312e-01
0.000000e+00 0.000000e+00 0.000000e+00
0.000000e+00 0.000000e+00 0.000000e+00

1
hog_feature 3
3
16 4 22 22
4_cells_hog
3.007882e+02 1.687309e-01 -5.368629e-01
0.000000e+00 0.000000e+00 0.000000e+00
0.000000e+00 0.000000e+00 0.000000e+00

1
hog_feature 3
33
8 10 16 16
4_cells_hog
1.423143e+02 -4.160457e-01 2.057480e-01
0.000000e+00 0.000000e+00 0.000000e+00
0.000000e+00 0.000000e+00 0.000000e+00

24
1 2 4 6 8 10 12 14 15 18 19 21 24 25 26 27 28 29 30 31 32 33 34 35 
-1.769243e+00
13
0 3 5 6 8 10 12 14 15 17 20 22 23 
-1.827925e+00
21
1 3 5 7 9 11 13 14 16 18 20 22 24 25 26 27 28 29 30 31 32 
-1.747657e+00

4
-1
