6
3
hog_feature 3
8
18 4 18 18
4_cells_hog
1.007747e+03 -6.476427e-01 5.912409e-01
5.683642e+02 -8.782609e-01 6.307693e-01
0.000000e+00 0.000000e+00 0.000000e+00

4
hog_feature 3
29
4 16 18 18
4_cells_hog
0.000000e+00 0.000000e+00 0.000000e+00
0.000000e+00 0.000000e+00 0.000000e+00
7.595947e+01 5.533981e-01 -8.802395e-01

2
hog_feature 3
25
10 2 18 36
4_cells_hog
0.000000e+00 0.000000e+00 0.000000e+00
6.525994e+02 -9.549933e-01 5.293095e-01
0.000000e+00 0.000000e+00 0.000000e+00

5
hog_feature 3
22
20 10 14 28
4_cells_hog
3.704540e+02 3.591408e-01 -9.478999e-01
0.000000e+00 0.000000e+00 0.000000e+00
2.147904e+02 3.365359e-01 -8.069909e-01

5
haar_feature 1
2
16 16 4 21 0 -1
16 23 4 7 0 3
haar_y3_0
-5.070416e-03 4.385936e-01 -7.907288e-01
0.000000e+00 0.000000e+00 0.000000e+00
2.104775e-02 -3.963732e-01 5.715880e-01

5
hog_feature 3
9
0 6 24 12
4_cells_hog
2.545160e+02 -9.191836e-01 2.779992e-01
0.000000e+00 0.000000e+00 0.000000e+00
5.013685e+02 -5.565639e-01 6.065030e-01

4
0 3 4 5 
-8.789498e-01
2
0 2 
-3.489514e-01
4
1 3 4 5 
-1.496641e+00

0
-1
