10
2
hog_feature 3
30
12 4 8 16
4_cells_hog
0.000000e+00 0.000000e+00 0.000000e+00
2.322019e+02 -8.058823e-01 4.700000e-01
0.000000e+00 0.000000e+00 0.000000e+00

5
haar_feature 1
2
16 24 12 16 0 -1
16 32 12 8 0 2
haar_y2
7.903150e-03 -8.333334e-02 -8.333333e-01
0.000000e+00 0.000000e+00 0.000000e+00
-3.620726e-02 5.027624e-01 -7.548746e-01

1
hog_feature 3
26
10 14 10 20
4_cells_hog
3.219774e+02 -7.029929e-01 4.771515e-01
0.000000e+00 0.000000e+00 0.000000e+00
0.000000e+00 0.000000e+00 0.000000e+00

6
hog_feature 3
28
6 20 16 16
4_cells_hog
0.000000e+00 0.000000e+00 0.000000e+00
9.031494e+01 4.458801e-01 -7.325734e-01
8.741333e+01 3.453905e-01 -7.597328e-01

7
hog_feature 3
17
16 8 14 28
4_cells_hog
9.713250e+02 -4.375489e-01 5.142825e-01
4.489525e+02 -6.490165e-01 2.427650e-01
6.566997e+02 -5.594687e-01 5.816562e-01

1
var_feature 2
1
22 6 4 27
one_rect_var
1.258683e+03 4.657516e-01 -7.337404e-01
0.000000e+00 0.000000e+00 0.000000e+00
0.000000e+00 0.000000e+00 0.000000e+00

6
hog_feature 3
24
16 10 14 28
4_cells_hog
0.000000e+00 0.000000e+00 0.000000e+00
5.763270e+02 -4.308619e-01 5.414228e-01
3.740025e+02 -7.477487e-01 4.312291e-01

6
hog_feature 3
35
16 20 8 16
4_cells_hog
0.000000e+00 0.000000e+00 0.000000e+00
5.743237e+01 4.714173e-01 -6.172374e-01
7.007971e+01 3.250643e-01 -5.986920e-01

6
hog_feature 3
0
8 18 14 14
4_cells_hog
0.000000e+00 0.000000e+00 0.000000e+00
1.462220e+02 -5.138206e-01 2.951191e-01
2.141166e+02 -8.166218e-01 4.772116e-01

2
haar_feature 1
2
18 22 10 15 0 -1
18 32 10 5 0 3
haar_y3_2
0.000000e+00 0.000000e+00 0.000000e+00
-7.605248e-03 4.186248e-01 -8.629204e-01
0.000000e+00 0.000000e+00 0.000000e+00

4
1 2 4 5 
-1.005784e+00
7
0 3 4 6 7 8 9 
-1.549543e+00
6
1 3 4 6 7 8 
-1.838182e+00

1
-1
