17
7
haar_feature 1
3
14 8 9 12 0 1
17 8 3 6 0 -1
14 14 9 6 0 -2
haar_spec_1
-4.400712e-02 -2.060301e-01 -3.965087e-01
1.218809e-03 -6.863753e-01 3.175355e-01
-5.012078e-02 -5.918368e-01 -2.828685e-01

7
hog_feature 3
11
15 15 22 22
4_cells_hog
1.922781e+02 1.108129e-01 -2.119216e-01
7.610132e+01 -7.673145e-01 1.697320e-01
2.111204e+02 -8.213373e-01 1.031154e-01

7
hog_feature 3
33
9 18 16 16
4_cells_hog
2.432136e+02 9.661565e-02 -1.404642e-01
1.678659e+02 -9.374925e-01 1.938415e-01
1.662505e+02 -3.608327e-01 2.019286e-01

7
hog_feature 3
15
0 9 16 16
4_cells_hog
4.836194e+02 5.640844e-02 -5.056474e-01
9.811212e+01 2.871381e-01 -6.528372e-01
1.743050e+02 1.631563e-01 -4.510036e-01

7
hog_feature 3
13
9 9 20 10
4_cells_hog
8.147491e+02 -1.094395e-01 3.441603e-01
2.176347e+02 -6.960866e-01 2.335680e-01
2.669150e+02 -5.651808e-01 1.641286e-01

7
haar_feature 1
2
12 18 27 5 0 -1
12 18 9 5 0 3
haar_x3_1
-8.980056e-03 2.360514e-01 -4.206672e-01
-4.230618e-03 2.088212e-01 -4.985477e-01
-3.998310e-02 -7.099436e-01 8.881366e-02

7
haar_feature 1
3
18 12 18 22 0 -1
18 12 9 11 0 2
27 23 9 11 0 2
haar_x2_y2
-5.355900e-02 2.861357e-01 -1.081496e-01
-5.322800e-03 2.874804e-01 -6.654493e-01
-5.867697e-02 5.829653e-01 -1.350041e-01

7
haar_feature 1
2
12 12 25 27 0 -1
12 12 25 9 0 2
haar_y3_4
-4.987475e-01 -6.806240e-01 1.125027e-01
-4.267614e-01 -5.270637e-01 1.644579e-01
-4.568935e-01 -6.818759e-01 1.686210e-01

5
hog_feature 3
31
21 6 16 16
4_cells_hog
8.794971e+01 -3.988074e-01 9.214321e-02
0.000000e+00 0.000000e+00 0.000000e+00
4.743257e+02 3.026566e-01 -4.850153e-01

5
hog_feature 3
31
24 15 10 20
4_cells_hog
4.115625e+01 3.187586e-01 -3.988022e-01
0.000000e+00 0.000000e+00 0.000000e+00
3.018701e+01 -7.458004e-01 3.157358e-02

5
hog_feature 3
0
6 0 28 28
4_cells_hog
9.838928e+01 -6.184600e-01 1.562394e-01
0.000000e+00 0.000000e+00 0.000000e+00
8.431001e+02 -1.934163e-01 3.904630e-01

5
hog_feature 3
29
0 9 16 16
4_cells_hog
3.466570e+02 7.763611e-02 -6.631018e-01
0.000000e+00 0.000000e+00 0.000000e+00
3.085644e+02 1.309321e-01 -8.361262e-01

1
haar_feature 1
2
12 15 15 9 0 -1
17 15 5 9 0 3
haar_x3_0
-4.035481e-03 2.728268e-01 -4.001752e-01
0.000000e+00 0.000000e+00 0.000000e+00
0.000000e+00 0.000000e+00 0.000000e+00

1
hog_feature 3
34
0 6 34 34
4_cells_hog
9.822067e+02 -4.627305e-01 2.046021e-01
0.000000e+00 0.000000e+00 0.000000e+00
0.000000e+00 0.000000e+00 0.000000e+00

1
haar_feature 1
2
36 30 3 10 0 -1
36 35 3 5 0 2
haar_y2
-2.689941e-03 4.522084e-01 -2.452486e-01
0.000000e+00 0.000000e+00 0.000000e+00
0.000000e+00 0.000000e+00 0.000000e+00

1
hog_feature 3
23
3 3 10 20
4_cells_hog
2.294568e+02 -4.188598e-01 2.666031e-01
0.000000e+00 0.000000e+00 0.000000e+00
0.000000e+00 0.000000e+00 0.000000e+00

1
haar_feature 1
2
9 0 10 11 0 -1
14 0 5 11 0 2
haar_x2
1.011899e-03 -3.579779e-01 2.993636e-01
0.000000e+00 0.000000e+00 0.000000e+00
0.000000e+00 0.000000e+00 0.000000e+00

17
0 1 2 3 4 5 6 7 8 9 10 11 12 13 14 15 16 
-1.166501e+00
8
0 1 2 3 4 5 6 7 
-1.741610e+00
12
0 1 2 3 4 5 6 7 8 9 10 11 
-1.113918e+00

9
-1
