7
1
hog_feature 3
17
4 4 26 26
4_cells_hog
1.475072e+03 -7.730871e-01 7.018633e-01
0.000000e+00 0.000000e+00 0.000000e+00
0.000000e+00 0.000000e+00 0.000000e+00

6
hog_feature 3
25
12 8 14 28
4_cells_hog
0.000000e+00 0.000000e+00 0.000000e+00
5.230671e+02 -8.922155e-01 5.728155e-01
5.272231e+02 -8.197674e-01 5.204082e-01

3
hog_feature 3
35
16 0 10 10
4_cells_hog
8.410822e+01 -8.724434e-01 3.177098e-01
2.813625e+02 -7.278250e-01 7.267359e-01
0.000000e+00 0.000000e+00 0.000000e+00

4
hog_feature 3
30
4 12 26 26
4_cells_hog
0.000000e+00 0.000000e+00 0.000000e+00
0.000000e+00 0.000000e+00 0.000000e+00
2.841090e+02 6.614830e-01 -8.605714e-01

2
hog_feature 3
31
16 14 12 24
4_cells_hog
0.000000e+00 0.000000e+00 0.000000e+00
2.044440e+02 5.189336e-01 -9.705485e-01
0.000000e+00 0.000000e+00 0.000000e+00

5
hog_feature 3
34
4 10 14 28
4_cells_hog
3.679822e+02 -9.452659e-01 4.783918e-01
0.000000e+00 0.000000e+00 0.000000e+00
2.194179e+02 -9.916800e-01 2.613592e-01

4
hog_feature 3
17
0 4 18 18
4_cells_hog
0.000000e+00 0.000000e+00 0.000000e+00
0.000000e+00 0.000000e+00 0.000000e+00
4.823383e+02 -8.528537e-01 5.324742e-01

3
0 2 5 
-1.167139e+00
3
1 2 4 
-1.101107e+00
4
1 3 5 6 
-9.316577e-01

-1
-1
