15
1
hog_feature 3
25
12 2 26 26
4_cells_hog
4.272578e+02 -8.200119e-01 2.982184e-01
0.000000e+00 0.000000e+00 0.000000e+00
0.000000e+00 0.000000e+00 0.000000e+00

6
hog_feature 3
28
16 0 18 36
4_cells_hog
0.000000e+00 0.000000e+00 0.000000e+00
4.953476e+02 -6.937698e-01 2.891344e-01
6.720096e+02 -7.159881e-01 4.575569e-01

2
haar_feature 1
2
12 12 11 18 0 -1
12 18 11 6 0 3
haar_y3_0
0.000000e+00 0.000000e+00 0.000000e+00
-3.247333e-02 5.231605e-01 -6.858572e-01
0.000000e+00 0.000000e+00 0.000000e+00

5
hog_feature 3
28
12 10 16 8
4_cells_hog
4.365392e+01 -6.684015e-01 2.815606e-01
0.000000e+00 0.000000e+00 0.000000e+00
3.003247e+01 -6.345566e-01 2.144732e-01

2
hog_feature 3
16
14 6 22 22
4_cells_hog
0.000000e+00 0.000000e+00 0.000000e+00
2.023582e+02 -7.727643e-01 4.050078e-01
0.000000e+00 0.000000e+00 0.000000e+00

5
haar_feature 1
2
0 16 39 17 0 -1
13 16 13 17 0 3
haar_x3_0
2.660961e-01 -2.352838e-01 7.308464e-01
0.000000e+00 0.000000e+00 0.000000e+00
2.885620e-01 -2.762541e-01 8.223677e-01

2
hog_feature 3
22
4 4 14 28
4_cells_hog
0.000000e+00 0.000000e+00 0.000000e+00
2.258465e+02 3.232838e-01 -7.578484e-01
0.000000e+00 0.000000e+00 0.000000e+00

5
hog_feature 3
32
6 12 18 18
4_cells_hog
4.203680e+01 -7.892453e-01 2.091250e-01
0.000000e+00 0.000000e+00 0.000000e+00
1.403676e+02 2.537432e-01 -8.246537e-01

2
hog_feature 3
8
2 16 18 18
4_cells_hog
0.000000e+00 0.000000e+00 0.000000e+00
1.773380e+02 -7.665550e-01 3.540101e-01
0.000000e+00 0.000000e+00 0.000000e+00

5
hog_feature 3
16
6 2 20 10
4_cells_hog
4.904355e+01 -5.206740e-01 1.934822e-01
0.000000e+00 0.000000e+00 0.000000e+00
5.670381e+01 -6.327317e-01 3.111362e-01

5
hog_feature 3
4
16 6 22 22
4_cells_hog
3.749292e+02 2.497675e-01 -6.864715e-01
0.000000e+00 0.000000e+00 0.000000e+00
2.938773e+02 1.671541e-01 -7.127489e-01

5
hog_feature 3
26
8 16 14 14
4_cells_hog
9.194376e+01 -4.810595e-01 2.350038e-01
0.000000e+00 0.000000e+00 0.000000e+00
1.600816e+02 -3.810659e-01 4.184844e-01

5
haar_feature 1
2
8 28 21 12 0 -1
8 28 21 4 0 2
haar_y3_4
-1.690710e-01 -4.985797e-01 1.921794e-01
0.000000e+00 0.000000e+00 0.000000e+00
-1.589582e-01 -4.892952e-01 2.616744e-01

5
hog_feature 3
31
4 6 28 28
4_cells_hog
9.499514e+02 1.893797e-01 -7.160358e-01
0.000000e+00 0.000000e+00 0.000000e+00
6.839166e+02 1.378716e-01 -7.441464e-01

1
var_feature 2
1
24 4 9 9
one_rect_var
1.246865e+02 -8.143976e-01 1.651729e-01
0.000000e+00 0.000000e+00 0.000000e+00
0.000000e+00 0.000000e+00 0.000000e+00

10
0 3 5 7 9 10 11 12 13 14 
-1.941889e+00
5
1 2 4 6 8 
-1.516118e+00
9
1 3 5 7 9 10 11 12 13 
-1.851026e+00

0
-1
