8
7
hog_feature 3
14
9 18 10 20
4_cells_hog
2.764761e+02 -5.568513e-01 -3.501945e-02
4.558567e+02 -7.907543e-01 6.613756e-01
2.254969e+02 -6.877077e-01 2.341137e-02

7
hog_feature 3
29
24 3 16 32
4_cells_hog
1.754894e+02 4.719094e-01 -5.291488e-01
1.063237e+02 2.966232e-01 -5.850940e-01
7.424340e+02 -3.852829e-01 5.643164e-01

7
hog_feature 3
4
12 6 28 28
4_cells_hog
2.404386e+03 -4.158487e-01 5.452074e-01
1.093717e+03 -7.936186e-01 4.709004e-01
1.339008e+03 -7.361970e-01 2.843474e-01

7
hog_feature 3
13
21 21 16 16
4_cells_hog
1.471050e+02 4.628237e-01 -6.039564e-01
1.542629e+02 1.748787e-01 -8.613812e-01
5.663931e+02 1.092122e-01 -5.421243e-01

5
hog_feature 3
4
12 18 10 10
4_cells_hog
2.015954e+02 -6.230394e-01 4.061771e-01
0.000000e+00 0.000000e+00 0.000000e+00
1.818030e+02 -6.720639e-01 2.607106e-01

5
var_feature 2
1
18 30 22 5
one_rect_var
4.519663e+02 -7.957121e-01 2.579072e-01
0.000000e+00 0.000000e+00 0.000000e+00
3.020430e+02 -9.067008e-01 1.517323e-01

5
var_feature 2
1
6 15 25 8
one_rect_var
3.848984e+02 -6.556304e-01 -1.817525e-03
0.000000e+00 0.000000e+00 0.000000e+00
1.643539e+03 3.709015e-01 -8.106684e-01

1
haar_feature 1
3
21 21 14 14 0 -1
21 21 7 7 0 2
28 28 7 7 0 2
haar_x2_y2
-1.003583e-02 5.844368e-01 -5.002971e-01
0.000000e+00 0.000000e+00 0.000000e+00
0.000000e+00 0.000000e+00 0.000000e+00

8
0 1 2 3 4 5 6 7 
-9.977771e-01
4
0 1 2 3 
-1.112871e+00
7
0 1 2 3 4 5 6 
-1.077657e+00

1
-1
