20
7
hog_feature 3
17
27 9 10 20
4_cells_hog
9.882910e+01 -2.016129e-01 -4.261364e-01
2.960981e+02 -6.500000e-01 3.000000e-01
2.289569e+01 -6.428571e-01 -2.391304e-01

7
hog_feature 3
13
18 6 16 16
4_cells_hog
7.000244e+00 5.313808e-01 -5.172152e-02
2.691533e+02 -6.127973e-01 2.872806e-01
9.850222e+02 -2.128308e-01 3.686230e-01

7
hog_feature 3
24
18 24 20 10
4_cells_hog
9.716797e+00 5.615558e-01 -8.893930e-02
1.194819e+02 -8.296730e-01 1.701157e-01
1.177957e+02 -2.984184e-01 1.809227e-01

7
hog_feature 3
28
21 6 10 20
4_cells_hog
4.614844e+02 1.664016e-02 -1.000064e+00
9.349225e+01 -5.154846e-01 4.549779e-01
9.882996e+01 -2.748980e-01 1.399515e-01

7
haar_feature 1
2
36 0 3 33 0 -1
36 0 3 11 0 3
haar_y3_1
-4.210523e-02 -4.583131e-01 5.602486e-02
1.800142e-02 -3.178073e-01 4.863316e-01
7.221694e-02 -1.206913e-01 6.777266e-01

7
haar_feature 1
2
18 12 21 9 0 -1
25 12 7 9 0 3
haar_x3_0
-2.063984e-02 -4.167687e-01 5.838183e-02
2.622274e-02 -3.096007e-01 4.326807e-01
1.441007e-02 1.341082e-01 -7.901991e-01

7
hog_feature 3
16
30 15 10 10
4_cells_hog
1.892565e+02 -1.488111e-01 3.550837e-01
6.044943e+01 -6.004239e-01 3.309458e-01
1.954151e+02 -9.183299e-02 4.921396e-01

5
haar_feature 1
2
18 12 21 7 0 -1
18 12 7 7 0 2
haar_x3_4
-1.246988e-01 -1.974098e-01 6.592308e-02
0.000000e+00 0.000000e+00 0.000000e+00
-6.534284e-02 2.023078e-01 -8.057458e-01

5
haar_feature 1
3
0 15 14 10 0 -1
0 15 7 5 0 2
7 20 7 5 0 2
haar_x2_y2
-8.434937e-03 3.463804e-01 -2.195127e-01
0.000000e+00 0.000000e+00 0.000000e+00
9.923443e-03 -2.033894e-01 3.583972e-01

5
haar_feature 1
3
18 18 6 10 0 -1
18 18 3 5 0 2
21 23 3 5 0 2
haar_x2_y2
-2.129167e-03 2.006136e-01 -1.971273e-01
0.000000e+00 0.000000e+00 0.000000e+00
7.845456e-03 -1.509828e-01 7.341792e-01

5
haar_feature 1
2
3 30 9 9 0 -1
3 30 9 3 0 3
haar_y3_1
-2.743918e-02 -9.012706e-01 6.681603e-02
0.000000e+00 0.000000e+00 0.000000e+00
4.229795e-04 -2.796940e-01 2.788050e-01

5
hog_feature 3
22
3 9 20 10
4_cells_hog
5.309753e+02 -3.831600e-01 1.557317e-01
0.000000e+00 0.000000e+00 0.000000e+00
2.698818e+02 -7.007661e-01 1.152197e-01

5
hog_feature 3
30
6 6 4 8
4_cells_hog
9.220833e+00 2.090301e-01 -3.190807e-01
0.000000e+00 0.000000e+00 0.000000e+00
1.573920e+02 -1.567167e-01 5.487933e-01

5
var_feature 2
1
6 12 13 13
one_rect_var
4.368542e+03 9.292280e-02 -7.190591e-01
0.000000e+00 0.000000e+00 0.000000e+00
2.526645e+03 1.449883e-01 -6.024246e-01

5
hog_feature 3
28
18 21 10 10
4_cells_hog
3.200391e+01 -3.490151e-01 2.824004e-01
0.000000e+00 0.000000e+00 0.000000e+00
2.478147e+02 3.702988e-02 -6.849870e-01

5
hog_feature 3
29
6 15 32 16
4_cells_hog
1.738791e+02 2.326421e-01 -3.541451e-01
0.000000e+00 0.000000e+00 0.000000e+00
6.953728e+02 -1.754250e-01 3.252691e-01

5
hog_feature 3
14
15 9 20 10
4_cells_hog
6.390957e+02 -1.235864e-01 7.630433e-01
0.000000e+00 0.000000e+00 0.000000e+00
2.677644e+01 -7.263712e-01 6.789514e-02

5
hog_feature 3
5
9 18 16 16
4_cells_hog
1.363845e+02 -6.433368e-01 1.297830e-01
0.000000e+00 0.000000e+00 0.000000e+00
1.746145e+02 -5.458198e-01 1.026157e-01

5
hog_feature 3
24
6 12 28 28
4_cells_hog
4.749748e+02 2.336322e-01 -3.600652e-01
0.000000e+00 0.000000e+00 0.000000e+00
2.879300e+01 8.581403e-01 -8.840630e-02

1
haar_feature 1
2
24 33 9 5 0 -1
24 33 3 5 0 3
haar_x3_1
6.028787e-03 -3.018706e-01 4.247167e-01
0.000000e+00 0.000000e+00 0.000000e+00
0.000000e+00 0.000000e+00 0.000000e+00

20
0 1 2 3 4 5 6 7 8 9 10 11 12 13 14 15 16 17 18 19 
-1.177071e+00
7
0 1 2 3 4 5 6 
-1.262058e+00
19
0 1 2 3 4 5 6 7 8 9 10 11 12 13 14 15 16 17 18 
-1.275629e+00

13
-1
