94
2
haar_feature 1
2
22 26 6 6 0 -1
22 29 6 3 0 2
haar_y2
0.000000e+00 0.000000e+00 0.000000e+00
-2.074825e-03 1.671309e-02 -6.649283e-01
0.000000e+00 0.000000e+00 0.000000e+00

5
haar_feature 1
2
4 26 36 5 0 -1
16 26 12 5 0 3
haar_x3_0
8.986463e-02 -3.999181e-01 -2.912621e-02
0.000000e+00 0.000000e+00 0.000000e+00
1.062023e-01 -4.549197e-01 2.014787e-01

2
haar_feature 1
2
16 12 8 26 0 -1
16 25 8 13 0 2
haar_y2
0.000000e+00 0.000000e+00 0.000000e+00
1.221764e-02 -5.836196e-01 1.004211e-01
0.000000e+00 0.000000e+00 0.000000e+00

5
hog_feature 3
0
24 8 14 28
4_cells_hog
1.626194e+03 -9.044879e-02 3.472992e-01
0.000000e+00 0.000000e+00 0.000000e+00
4.341091e+02 -3.312759e-01 1.722641e-01

2
haar_feature 1
2
12 14 21 5 0 -1
12 14 7 5 0 3
haar_x3_1
0.000000e+00 0.000000e+00 0.000000e+00
-1.280940e-02 -4.837651e-01 1.438146e-01
0.000000e+00 0.000000e+00 0.000000e+00

5
hog_feature 3
29
12 22 16 16
4_cells_hog
2.213176e+02 -5.948946e-02 1.635288e-01
0.000000e+00 0.000000e+00 0.000000e+00
7.585706e+01 -4.676010e-01 1.104472e-01

2
hog_feature 3
16
0 10 14 28
4_cells_hog
0.000000e+00 0.000000e+00 0.000000e+00
3.949167e+02 -2.268971e-01 2.848729e-01
0.000000e+00 0.000000e+00 0.000000e+00

5
hog_feature 3
17
16 12 6 12
4_cells_hog
7.065720e+01 -2.166711e-01 1.326610e-01
0.000000e+00 0.000000e+00 0.000000e+00
1.282452e+01 -3.103083e-01 8.903255e-02

2
var_feature 2
1
12 28 4 6
one_rect_var
0.000000e+00 0.000000e+00 0.000000e+00
2.626904e+02 1.545933e-01 -4.820110e-01
0.000000e+00 0.000000e+00 0.000000e+00

5
haar_feature 1
2
10 20 12 5 0 -1
14 20 4 5 0 3
haar_x3_0
2.940869e-02 -3.539363e-02 4.138905e-01
0.000000e+00 0.000000e+00 0.000000e+00
-1.450293e-04 2.133493e-01 -1.857440e-01

2
haar_feature 1
2
12 20 8 18 0 -1
12 26 8 6 0 2
haar_y3_3
0.000000e+00 0.000000e+00 0.000000e+00
-6.497006e-02 -1.919331e-01 3.417889e-01
0.000000e+00 0.000000e+00 0.000000e+00

5
hog_feature 3
8
28 12 6 6
4_cells_hog
8.106909e+01 7.809949e-02 -3.666732e-01
0.000000e+00 0.000000e+00 0.000000e+00
3.301501e+01 1.052572e-01 -2.249649e-01

3
hog_feature 3
6
0 10 12 24
4_cells_hog
1.272792e+01 2.031320e-01 -5.582972e-02
1.141043e+02 1.694824e-01 -3.958159e-01
0.000000e+00 0.000000e+00 0.000000e+00

4
haar_feature 1
2
20 8 4 12 0 -1
20 8 4 4 0 3
haar_y3_1
0.000000e+00 0.000000e+00 0.000000e+00
0.000000e+00 0.000000e+00 0.000000e+00
-1.332370e-03 2.054385e-01 -2.129878e-01

2
hog_feature 3
26
0 10 26 26
4_cells_hog
0.000000e+00 0.000000e+00 0.000000e+00
2.523570e+02 -5.556523e-01 1.093820e-01
0.000000e+00 0.000000e+00 0.000000e+00

5
hog_feature 3
4
14 0 12 6
4_cells_hog
3.437818e+01 -1.008589e-01 1.802373e-01
0.000000e+00 0.000000e+00 0.000000e+00
2.061187e+01 -2.142852e-01 1.626726e-01

3
var_feature 2
1
14 16 4 6
one_rect_var
1.391934e+02 -2.979381e-01 4.611070e-02
1.521943e+03 4.476841e-02 -9.814584e-01
0.000000e+00 0.000000e+00 0.000000e+00

4
haar_feature 1
2
14 16 10 5 0 -1
19 16 5 5 0 2
haar_x2
0.000000e+00 0.000000e+00 0.000000e+00
0.000000e+00 0.000000e+00 0.000000e+00
8.879822e-03 5.159428e-02 -7.901325e-01

3
var_feature 2
1
20 4 4 18
one_rect_var
1.992810e+03 -4.399535e-02 2.016791e-01
7.954490e+02 -3.107624e-01 1.908574e-01
0.000000e+00 0.000000e+00 0.000000e+00

4
haar_feature 1
2
16 12 6 9 0 -1
16 15 6 3 0 3
haar_y3_0
0.000000e+00 0.000000e+00 0.000000e+00
0.000000e+00 0.000000e+00 0.000000e+00
-2.023467e-03 2.458065e-01 -1.768580e-01

2
var_feature 2
1
20 30 4 4
one_rect_var
0.000000e+00 0.000000e+00 0.000000e+00
3.776934e+02 9.450466e-02 -6.436830e-01
0.000000e+00 0.000000e+00 0.000000e+00

5
var_feature 2
1
14 16 6 17
one_rect_var
9.381659e+01 6.255245e-01 -2.291014e-02
0.000000e+00 0.000000e+00 0.000000e+00
4.389105e+01 3.126527e-01 -1.159739e-01

3
hog_feature 3
31
2 2 28 14
4_cells_hog
5.582492e+01 1.329990e-01 -1.212862e-01
3.989915e+02 9.982889e-02 -4.600590e-01
0.000000e+00 0.000000e+00 0.000000e+00

4
var_feature 2
1
26 12 4 9
one_rect_var
0.000000e+00 0.000000e+00 0.000000e+00
0.000000e+00 0.000000e+00 0.000000e+00
8.396436e+01 -5.414290e-01 8.342974e-02

3
hog_feature 3
6
22 26 10 10
4_cells_hog
9.899506e+00 -2.627606e-01 6.746092e-02
1.414368e+00 2.328026e-01 -2.111503e-01
0.000000e+00 0.000000e+00 0.000000e+00

4
var_feature 2
1
0 0 4 9
one_rect_var
0.000000e+00 0.000000e+00 0.000000e+00
0.000000e+00 0.000000e+00 0.000000e+00
7.659141e+02 7.986050e-02 -4.624044e-01

2
hog_feature 3
33
6 0 10 20
4_cells_hog
0.000000e+00 0.000000e+00 0.000000e+00
4.404213e+01 -4.131677e-01 1.403733e-01
0.000000e+00 0.000000e+00 0.000000e+00

5
hog_feature 3
25
2 2 18 18
4_cells_hog
1.713520e+02 7.185592e-02 -1.139708e-01
0.000000e+00 0.000000e+00 0.000000e+00
3.698961e+02 -1.467966e-01 3.508233e-01

3
hog_feature 3
20
6 14 20 20
4_cells_hog
7.279185e+02 2.676479e-02 -4.802290e-01
1.134123e+02 1.458122e-01 -3.367782e-01
0.000000e+00 0.000000e+00 0.000000e+00

4
hog_feature 3
27
4 20 8 4
4_cells_hog
0.000000e+00 0.000000e+00 0.000000e+00
0.000000e+00 0.000000e+00 0.000000e+00
2.170499e+02 -7.714093e-02 5.400825e-01

2
haar_feature 1
2
4 0 10 24 0 -1
4 0 10 8 0 3
haar_y3_1
0.000000e+00 0.000000e+00 0.000000e+00
-1.012238e-01 3.845405e-01 -1.381804e-01
0.000000e+00 0.000000e+00 0.000000e+00

5
haar_feature 1
2
12 6 16 10 0 -1
20 6 8 10 0 2
haar_x2
-3.462321e-02 -4.267658e-01 6.612953e-02
0.000000e+00 0.000000e+00 0.000000e+00
-2.718451e-02 -3.116795e-01 7.609227e-02

3
var_feature 2
1
12 20 4 5
one_rect_var
2.875143e+02 -2.065967e-01 1.031264e-01
2.580029e+01 -7.717357e-01 4.786427e-02
0.000000e+00 0.000000e+00 0.000000e+00

4
hog_feature 3
9
24 8 14 14
4_cells_hog
0.000000e+00 0.000000e+00 0.000000e+00
0.000000e+00 0.000000e+00 0.000000e+00
2.232944e+02 1.227175e-01 -3.303196e-01

1
hog_feature 3
9
14 0 8 4
4_cells_hog
1.236932e+01 1.511784e-01 -1.881223e-01
0.000000e+00 0.000000e+00 0.000000e+00
0.000000e+00 0.000000e+00 0.000000e+00

6
hog_feature 3
0
16 14 12 6
4_cells_hog
0.000000e+00 0.000000e+00 0.000000e+00
1.966980e+01 -2.499841e-01 1.444365e-01
3.780231e+01 -2.051831e-01 1.365301e-01

2
hog_feature 3
16
30 0 8 8
4_cells_hog
0.000000e+00 0.000000e+00 0.000000e+00
3.085127e+01 1.260732e-01 -4.285505e-01
0.000000e+00 0.000000e+00 0.000000e+00

5
var_feature 2
1
0 8 39 4
one_rect_var
3.256115e+03 4.561149e-02 -4.975528e-01
0.000000e+00 0.000000e+00 0.000000e+00
1.747968e+02 5.542025e-01 -4.429258e-02

7
var_feature 2
1
14 2 4 17
one_rect_var
1.214698e+03 -1.095616e-01 2.028332e-01
2.863623e+02 -4.645144e-01 6.144579e-02
4.075781e+01 -7.233390e-01 3.971207e-02

1
haar_feature 1
2
16 28 5 9 0 -1
16 34 5 3 0 3
haar_y3_2
-4.148917e-05 -1.834680e-01 1.666612e-01
0.000000e+00 0.000000e+00 0.000000e+00
0.000000e+00 0.000000e+00 0.000000e+00

6
var_feature 2
1
16 18 5 4
one_rect_var
0.000000e+00 0.000000e+00 0.000000e+00
2.343994e+01 -9.276502e-01 2.743531e-02
2.398877e+01 2.208478e-01 -1.687727e-01

3
hog_feature 3
35
4 26 24 12
4_cells_hog
5.269049e+02 6.117885e-02 -4.473822e-01
3.874246e+02 2.239085e-02 -7.350132e-01
0.000000e+00 0.000000e+00 0.000000e+00

4
hog_feature 3
29
12 10 10 10
4_cells_hog
0.000000e+00 0.000000e+00 0.000000e+00
0.000000e+00 0.000000e+00 0.000000e+00
9.348190e+00 -3.674597e-01 1.260612e-01

2
haar_feature 1
2
6 4 15 10 0 -1
11 4 5 10 0 3
haar_x3_0
0.000000e+00 0.000000e+00 0.000000e+00
2.802655e-02 7.828495e-02 -6.601049e-01
0.000000e+00 0.000000e+00 0.000000e+00

5
hog_feature 3
17
6 2 24 12
4_cells_hog
1.072929e+02 -4.316840e-01 5.454775e-02
0.000000e+00 0.000000e+00 0.000000e+00
2.794810e+01 -7.513477e-01 2.393250e-02

3
hog_feature 3
5
20 0 12 24
4_cells_hog
4.031982e+02 2.290818e-02 -7.328641e-01
3.994002e+01 -5.826723e-01 5.462113e-02
0.000000e+00 0.000000e+00 0.000000e+00

4
hog_feature 3
4
12 10 24 12
4_cells_hog
0.000000e+00 0.000000e+00 0.000000e+00
0.000000e+00 0.000000e+00 0.000000e+00
6.011856e+01 1.351627e-01 -2.672025e-01

1
hog_feature 3
26
0 30 16 8
4_cells_hog
5.142670e+00 2.970220e-01 -9.590042e-02
0.000000e+00 0.000000e+00 0.000000e+00
0.000000e+00 0.000000e+00 0.000000e+00

6
hog_feature 3
4
2 6 22 22
4_cells_hog
0.000000e+00 0.000000e+00 0.000000e+00
2.124321e+01 -8.335766e-01 3.492890e-02
5.627656e+01 -2.996317e-01 1.050010e-01

1
haar_feature 1
3
26 2 6 18 0 -1
26 2 3 9 0 2
29 11 3 9 0 2
haar_x2_y2
-1.622201e-02 3.819303e-01 -7.239639e-02
0.000000e+00 0.000000e+00 0.000000e+00
0.000000e+00 0.000000e+00 0.000000e+00

6
hog_feature 3
2
0 2 10 20
4_cells_hog
0.000000e+00 0.000000e+00 0.000000e+00
2.370909e+01 1.890271e-01 -1.989658e-01
2.208803e+01 2.081641e-01 -1.606619e-01

2
hog_feature 3
14
10 14 12 24
4_cells_hog
0.000000e+00 0.000000e+00 0.000000e+00
3.429640e+02 9.282558e-02 -5.482862e-01
0.000000e+00 0.000000e+00 0.000000e+00

5
hog_feature 3
26
6 18 32 16
4_cells_hog
6.622925e+01 -9.501644e-01 2.614473e-02
0.000000e+00 0.000000e+00 0.000000e+00
6.196689e+01 -6.029712e-01 4.301048e-02

3
haar_feature 1
2
10 20 24 10 0 -1
10 20 8 10 0 3
haar_x3_1
7.811093e-02 -8.717421e-02 2.167262e-01
-6.864301e-02 -6.446645e-01 5.412863e-02
0.000000e+00 0.000000e+00 0.000000e+00

4
haar_feature 1
2
8 18 21 10 0 -1
15 18 7 10 0 3
haar_x3_0
0.000000e+00 0.000000e+00 0.000000e+00
0.000000e+00 0.000000e+00 0.000000e+00
-6.674096e-02 -7.598851e-01 4.352970e-02

2
haar_feature 1
2
14 24 3 9 0 -1
14 27 3 3 0 3
haar_y3_0
0.000000e+00 0.000000e+00 0.000000e+00
7.261648e-04 -3.450164e-01 1.576805e-01
0.000000e+00 0.000000e+00 0.000000e+00

5
hog_feature 3
10
6 30 12 6
4_cells_hog
6.711166e+01 8.603919e-02 -3.607574e-01
0.000000e+00 0.000000e+00 0.000000e+00
2.467693e+02 8.503353e-03 -7.723261e-01

5
hog_feature 3
20
2 24 14 14
4_cells_hog
3.660901e+02 -4.284364e-02 4.023893e-01
0.000000e+00 0.000000e+00 0.000000e+00
4.075813e+02 -7.549243e-02 4.310155e-01

5
haar_feature 1
2
14 20 11 9 0 -1
14 23 11 3 0 3
haar_y3_0
-2.079836e-05 1.062756e-01 -1.197479e-01
0.000000e+00 0.000000e+00 0.000000e+00
3.413342e-04 1.624309e-01 -2.102675e-01

5
hog_feature 3
16
26 22 8 8
4_cells_hog
2.024010e+02 -5.441009e-02 4.192078e-01
0.000000e+00 0.000000e+00 0.000000e+00
4.472076e+00 1.688427e-01 -1.264851e-01

5
hog_feature 3
30
0 14 18 18
4_cells_hog
3.401566e+02 5.897157e-02 -4.806257e-01
0.000000e+00 0.000000e+00 0.000000e+00
3.043585e+02 2.555133e-02 -4.819254e-01

5
hog_feature 3
3
8 0 28 14
4_cells_hog
2.493906e+01 -3.478893e-01 5.803400e-02
0.000000e+00 0.000000e+00 0.000000e+00
2.174826e+01 -5.936759e-01 3.199644e-02

5
hog_feature 3
5
16 26 10 10
4_cells_hog
1.345101e+02 -6.837775e-02 2.329514e-01
0.000000e+00 0.000000e+00 0.000000e+00
3.162140e+00 2.107325e-01 -1.457290e-01

5
hog_feature 3
3
16 6 6 6
4_cells_hog
4.123102e+00 8.699252e-02 -2.209202e-01
0.000000e+00 0.000000e+00 0.000000e+00
4.577637e-05 1.156700e-01 -2.063522e-01

5
haar_feature 1
3
26 12 6 10 0 -1
26 12 3 5 0 2
29 17 3 5 0 2
haar_x2_y2
-6.611907e-03 2.874528e-01 -7.493947e-02
0.000000e+00 0.000000e+00 0.000000e+00
-3.536165e-03 2.016602e-01 -1.051990e-01

5
hog_feature 3
11
24 0 14 28
4_cells_hog
9.578275e+02 1.962784e-02 -4.649418e-01
0.000000e+00 0.000000e+00 0.000000e+00
7.398674e+02 4.752890e-02 -7.490056e-01

5
hog_feature 3
10
6 10 28 14
4_cells_hog
1.705304e+03 -4.714156e-02 5.468684e-01
0.000000e+00 0.000000e+00 0.000000e+00
2.067070e+02 -1.862335e-01 9.693564e-02

5
haar_feature 1
2
28 34 9 6 0 -1
31 34 3 6 0 2
haar_x3_3
-2.239702e-02 -1.305486e-01 1.704534e-01
0.000000e+00 0.000000e+00 0.000000e+00
-4.714372e-03 1.961475e-02 -8.243380e-01

5
var_feature 2
1
16 14 12 21
one_rect_var
1.624394e+03 8.537309e-02 -3.473720e-01
0.000000e+00 0.000000e+00 0.000000e+00
2.497174e+01 8.187785e-01 -2.093475e-02

5
haar_feature 1
2
14 20 9 8 0 -1
17 20 3 8 0 3
haar_x3_0
-1.813701e-02 -4.894922e-01 2.846994e-02
0.000000e+00 0.000000e+00 0.000000e+00
-3.368176e-04 2.043820e-01 -1.375728e-01

5
haar_feature 1
3
16 28 12 12 0 -1
16 28 6 6 0 2
22 34 6 6 0 2
haar_x2_y2
1.890823e-02 -4.542666e-02 3.639791e-01
0.000000e+00 0.000000e+00 0.000000e+00
1.963784e-02 -6.807327e-02 3.885691e-01

5
hog_feature 3
30
8 20 12 12
4_cells_hog
4.577637e-05 -3.868560e-01 4.197517e-02
0.000000e+00 0.000000e+00 0.000000e+00
1.048224e+01 1.527980e-01 -1.635869e-01

5
hog_feature 3
12
6 16 20 10
4_cells_hog
4.984275e+02 1.378741e-02 -6.165366e-01
0.000000e+00 0.000000e+00 0.000000e+00
1.620972e+01 -4.206493e-01 8.765148e-02

5
haar_feature 1
3
12 14 8 6 0 -1
12 14 4 3 0 2
16 17 4 3 0 2
haar_x2_y2
-9.479598e-03 4.753993e-01 -4.674450e-02
0.000000e+00 0.000000e+00 0.000000e+00
5.334279e-03 3.251944e-02 -4.906060e-01

5
hog_feature 3
31
8 6 10 20
4_cells_hog
6.999985e+00 -5.223545e-01 3.641119e-02
0.000000e+00 0.000000e+00 0.000000e+00
4.000015e+00 -5.015477e-01 4.577217e-02

5
hog_feature 3
24
10 10 10 20
4_cells_hog
4.428175e+01 1.926722e-01 -1.018652e-01
0.000000e+00 0.000000e+00 0.000000e+00
1.221103e+01 2.247031e-01 -1.128651e-01

5
hog_feature 3
25
2 18 36 18
4_cells_hog
1.043724e+02 -4.948371e-01 3.422826e-02
0.000000e+00 0.000000e+00 0.000000e+00
1.358116e+02 -3.014404e-01 9.343264e-02

5
hog_feature 3
35
2 22 8 16
4_cells_hog
1.012611e+03 -1.164747e-02 5.029426e-01
0.000000e+00 0.000000e+00 0.000000e+00
1.000076e+00 5.415106e-01 -8.662570e-02

5
hog_feature 3
16
14 8 14 14
4_cells_hog
1.241149e+02 8.205507e-02 -1.461799e-01
0.000000e+00 0.000000e+00 0.000000e+00
2.236115e+00 5.144580e-01 -5.708654e-02

5
hog_feature 3
16
2 6 22 22
4_cells_hog
1.535515e+03 -6.744929e-02 3.842999e-01
0.000000e+00 0.000000e+00 0.000000e+00
6.835857e+01 2.997796e-01 -4.792901e-02

1
haar_feature 1
2
14 20 21 19 0 -1
28 20 7 19 0 3
haar_x3_2
2.862270e-01 -3.060293e-02 8.322003e-01
0.000000e+00 0.000000e+00 0.000000e+00
0.000000e+00 0.000000e+00 0.000000e+00

1
haar_feature 1
2
28 22 11 16 0 -1
28 30 11 8 0 2
haar_y2
-1.693586e-02 2.421791e-01 -1.110269e-01
0.000000e+00 0.000000e+00 0.000000e+00
0.000000e+00 0.000000e+00 0.000000e+00

1
haar_feature 1
2
20 16 9 10 0 -1
20 16 3 10 0 3
haar_x3_1
-1.487086e-02 -3.676800e-01 7.542429e-02
0.000000e+00 0.000000e+00 0.000000e+00
0.000000e+00 0.000000e+00 0.000000e+00

1
hog_feature 3
12
18 32 12 6
4_cells_hog
3.162170e+00 2.115082e-01 -1.327938e-01
0.000000e+00 0.000000e+00 0.000000e+00
0.000000e+00 0.000000e+00 0.000000e+00

1
hog_feature 3
19
26 32 12 6
4_cells_hog
1.022302e+02 -8.595478e-02 3.134204e-01
0.000000e+00 0.000000e+00 0.000000e+00
0.000000e+00 0.000000e+00 0.000000e+00

1
hog_feature 3
19
10 0 14 28
4_cells_hog
9.259613e+01 -4.449128e-01 6.287404e-02
0.000000e+00 0.000000e+00 0.000000e+00
0.000000e+00 0.000000e+00 0.000000e+00

1
hog_feature 3
3
2 18 8 16
4_cells_hog
7.650849e+01 7.820475e-02 -3.482082e-01
0.000000e+00 0.000000e+00 0.000000e+00
0.000000e+00 0.000000e+00 0.000000e+00

1
var_feature 2
1
14 26 7 13
one_rect_var
6.607324e+01 4.488289e-01 -6.364020e-02
0.000000e+00 0.000000e+00 0.000000e+00
0.000000e+00 0.000000e+00 0.000000e+00

1
hog_feature 3
24
8 0 30 30
4_cells_hog
3.663086e+02 -3.877910e-01 8.724510e-02
0.000000e+00 0.000000e+00 0.000000e+00
0.000000e+00 0.000000e+00 0.000000e+00

1
hog_feature 3
21
12 24 6 12
4_cells_hog
2.236115e+00 1.680145e-01 -1.658434e-01
0.000000e+00 0.000000e+00 0.000000e+00
0.000000e+00 0.000000e+00 0.000000e+00

1
hog_feature 3
25
4 0 14 28
4_cells_hog
2.158336e+02 1.280997e-01 -2.169754e-01
0.000000e+00 0.000000e+00 0.000000e+00
0.000000e+00 0.000000e+00 0.000000e+00

1
var_feature 2
1
20 8 6 4
one_rect_var
9.262451e+01 -4.376347e-01 6.716654e-02
0.000000e+00 0.000000e+00 0.000000e+00
0.000000e+00 0.000000e+00 0.000000e+00

1
haar_feature 1
2
6 16 11 9 0 -1
6 16 11 3 0 3
haar_y3_1
-2.156705e-03 1.339074e-01 -2.027263e-01
0.000000e+00 0.000000e+00 0.000000e+00
0.000000e+00 0.000000e+00 0.000000e+00

1
hog_feature 3
33
20 2 10 20
4_cells_hog
2.693399e+01 2.124299e-01 -1.384612e-01
0.000000e+00 0.000000e+00 0.000000e+00
0.000000e+00 0.000000e+00 0.000000e+00

66
1 3 5 7 9 11 12 15 16 18 21 22 24 27 28 31 32 34 37 38 39 41 44 45 47 49 52 53 56 57 58 59 60 61 62 63 64 65 66 67 68 69 70 71 72 73 74 75 76 77 78 79 80 81 82 83 84 85 86 87 88 89 90 91 92 93 
-1.398633e+00
29
0 2 4 6 8 10 12 14 16 18 20 22 24 26 28 30 32 35 36 38 40 41 43 45 48 50 51 53 55 
-1.670353e+00
52
1 3 5 7 9 11 13 15 17 19 21 23 25 27 29 31 33 35 37 38 40 42 44 46 48 50 52 54 56 57 58 59 60 61 62 63 64 65 66 67 68 69 70 71 72 73 74 75 76 77 78 79 
-1.478089e+00

14
-1
