3
1
hog_feature 3
20
14 10 22 22
4_cells_hog
1.266952e+02 -1.000000e+00 1.000000e+00
0.000000e+00 0.000000e+00 0.000000e+00
0.000000e+00 0.000000e+00 0.000000e+00

2
hog_feature 3
4
14 20 12 6
4_cells_hog
0.000000e+00 0.000000e+00 0.000000e+00
1.772543e+02 1.000000e+00 -1.000000e+00
0.000000e+00 0.000000e+00 0.000000e+00

4
var_feature 2
1
22 14 7 23
one_rect_var
0.000000e+00 0.000000e+00 0.000000e+00
0.000000e+00 0.000000e+00 0.000000e+00
3.373677e+02 -1.000000e+00 9.791667e-01

1
0 
1.000000e+00
1
1 
1.000000e+00
1
2 
9.791667e-01

18
-1
