16
2
haar_feature 1
2
6 20 24 4 0 -1
14 20 8 4 0 3
haar_x3_0
0.000000e+00 0.000000e+00 0.000000e+00
-2.343290e-02 4.675972e-01 -7.356034e-01
0.000000e+00 0.000000e+00 0.000000e+00

5
haar_feature 1
2
0 16 36 18 0 -1
12 16 12 18 0 3
haar_x3_0
2.090424e-01 -5.353946e-01 5.830258e-01
0.000000e+00 0.000000e+00 0.000000e+00
2.432158e-01 -5.940100e-01 7.234401e-01

1
hog_feature 3
5
22 4 16 32
4_cells_hog
2.731422e+02 4.328486e-01 -7.016866e-01
0.000000e+00 0.000000e+00 0.000000e+00
0.000000e+00 0.000000e+00 0.000000e+00

6
hog_feature 3
26
2 8 22 22
4_cells_hog
0.000000e+00 0.000000e+00 0.000000e+00
5.850723e+02 -5.655615e-01 4.827943e-01
1.699504e+02 -6.868438e-01 2.742198e-01

2
hog_feature 3
34
2 8 28 28
4_cells_hog
0.000000e+00 0.000000e+00 0.000000e+00
3.099014e+02 3.537624e-01 -7.602494e-01
0.000000e+00 0.000000e+00 0.000000e+00

5
hog_feature 3
9
8 12 20 10
4_cells_hog
2.794202e+02 -4.394718e-01 4.628598e-01
0.000000e+00 0.000000e+00 0.000000e+00
4.628389e+01 -8.204975e-01 1.846619e-01

2
hog_feature 3
16
14 6 22 22
4_cells_hog
0.000000e+00 0.000000e+00 0.000000e+00
2.415969e+02 -7.262008e-01 3.865677e-01
0.000000e+00 0.000000e+00 0.000000e+00

5
hog_feature 3
22
10 14 18 18
4_cells_hog
4.038651e+02 1.704743e-01 -6.834601e-01
0.000000e+00 0.000000e+00 0.000000e+00
8.245142e+01 3.873729e-01 -5.940530e-01

3
hog_feature 3
30
22 2 16 32
4_cells_hog
2.424082e+02 3.110702e-01 -4.482764e-01
3.583857e+02 2.448919e-01 -7.433716e-01
0.000000e+00 0.000000e+00 0.000000e+00

4
hog_feature 3
31
0 4 24 12
4_cells_hog
0.000000e+00 0.000000e+00 0.000000e+00
0.000000e+00 0.000000e+00 0.000000e+00
1.138433e+02 2.633733e-01 -6.806238e-01

3
var_feature 2
1
12 18 5 6
one_rect_var
1.158188e+02 -7.260005e-01 2.143900e-01
3.639136e+01 -9.385489e-01 1.449713e-01
0.000000e+00 0.000000e+00 0.000000e+00

4
hog_feature 3
19
26 14 10 20
4_cells_hog
0.000000e+00 0.000000e+00 0.000000e+00
0.000000e+00 0.000000e+00 0.000000e+00
1.030610e+02 -5.788432e-01 3.616119e-01

5
hog_feature 3
32
4 8 24 24
4_cells_hog
5.120007e+01 -9.189588e-01 4.158619e-02
0.000000e+00 0.000000e+00 0.000000e+00
2.702522e+02 2.146046e-01 -7.269856e-01

5
hog_feature 3
8
12 4 24 12
4_cells_hog
8.539290e+02 -1.856369e-01 7.133952e-01
0.000000e+00 0.000000e+00 0.000000e+00
4.297171e+01 -7.626612e-01 1.248101e-01

1
hog_feature 3
3
12 4 24 24
4_cells_hog
2.842740e+02 3.234693e-01 -4.645583e-01
0.000000e+00 0.000000e+00 0.000000e+00
0.000000e+00 0.000000e+00 0.000000e+00

1
hog_feature 3
0
18 22 14 14
4_cells_hog
2.367524e+02 1.862463e-01 -6.271074e-01
0.000000e+00 0.000000e+00 0.000000e+00
0.000000e+00 0.000000e+00 0.000000e+00

10
1 2 5 7 8 10 12 13 14 15 
-1.993509e+00
6
0 3 4 6 8 10 
-1.318905e+00
8
1 3 5 7 9 11 12 13 
-1.690034e+00

0
-1
