81
2
haar_feature 1
2
24 14 5 21 0 -1
24 21 5 7 0 3
haar_y3_0
0.000000e+00 0.000000e+00 0.000000e+00
4.369743e-02 -4.971098e-01 3.756806e-01
0.000000e+00 0.000000e+00 0.000000e+00

5
haar_feature 1
2
0 0 24 39 0 -1
0 0 8 39 0 3
haar_x3_1
-2.351658e-01 -8.826382e-02 -4.671495e-01
0.000000e+00 0.000000e+00 0.000000e+00
-2.954896e-01 4.203324e-02 -5.333334e-01

2
hog_feature 3
26
22 22 10 10
4_cells_hog
0.000000e+00 0.000000e+00 0.000000e+00
9.997253e-01 3.068603e-01 -2.609759e-01
0.000000e+00 0.000000e+00 0.000000e+00

5
hog_feature 3
0
20 12 10 10
4_cells_hog
9.277335e+01 -2.681118e-01 1.035061e-01
0.000000e+00 0.000000e+00 0.000000e+00
2.730133e+01 -5.265774e-01 5.599558e-02

2
haar_feature 1
2
6 20 27 9 0 -1
6 20 9 9 0 3
haar_x3_1
0.000000e+00 0.000000e+00 0.000000e+00
-2.633244e-02 -5.344436e-01 1.549098e-01
0.000000e+00 0.000000e+00 0.000000e+00

5
hog_feature 3
4
14 0 16 8
4_cells_hog
1.804435e+01 -1.748113e-01 9.047890e-02
0.000000e+00 0.000000e+00 0.000000e+00
4.932774e+01 -2.726931e-01 1.829329e-01

2
hog_feature 3
7
4 28 20 10
4_cells_hog
0.000000e+00 0.000000e+00 0.000000e+00
2.745849e+02 -2.165801e-01 3.867557e-01
0.000000e+00 0.000000e+00 0.000000e+00

5
haar_feature 1
2
22 22 10 18 0 -1
22 34 10 6 0 3
haar_y3_2
-1.635664e-02 1.494944e-01 -1.501848e-01
0.000000e+00 0.000000e+00 0.000000e+00
-3.560046e-02 1.877328e-01 -1.980170e-01

1
hog_feature 3
20
10 0 28 14
4_cells_hog
7.490322e+01 2.064824e-01 -1.847542e-01
0.000000e+00 0.000000e+00 0.000000e+00
0.000000e+00 0.000000e+00 0.000000e+00

6
haar_feature 1
2
12 14 18 12 0 -1
24 14 6 12 0 3
haar_x3_2
0.000000e+00 0.000000e+00 0.000000e+00
-2.428882e-02 -7.128366e-01 1.073666e-01
-1.186728e-01 -5.504641e-01 3.678128e-02

3
hog_feature 3
28
16 8 10 10
4_cells_hog
1.615660e+02 -1.505262e-01 2.768230e-01
4.426581e+01 -2.460177e-01 1.788900e-01
0.000000e+00 0.000000e+00 0.000000e+00

4
hog_feature 3
13
10 16 12 6
4_cells_hog
0.000000e+00 0.000000e+00 0.000000e+00
0.000000e+00 0.000000e+00 0.000000e+00
2.401053e+01 -2.056607e-01 2.359490e-01

2
var_feature 2
1
24 26 4 5
one_rect_var
0.000000e+00 0.000000e+00 0.000000e+00
3.866790e+02 1.399931e-01 -5.799506e-01
0.000000e+00 0.000000e+00 0.000000e+00

5
var_feature 2
1
18 18 5 5
one_rect_var
4.790732e+02 9.181861e-02 -1.664295e-01
0.000000e+00 0.000000e+00 0.000000e+00
1.616479e+01 3.049528e-01 -1.389088e-01

3
hog_feature 3
18
2 4 10 20
4_cells_hog
4.043515e+01 1.683129e-01 -1.254122e-01
6.372870e+02 -1.349070e-01 4.512580e-01
0.000000e+00 0.000000e+00 0.000000e+00

4
hog_feature 3
19
26 18 10 10
4_cells_hog
0.000000e+00 0.000000e+00 0.000000e+00
0.000000e+00 0.000000e+00 0.000000e+00
1.008979e+02 -2.131604e-01 2.146536e-01

1
haar_feature 1
2
16 14 24 13 0 -1
16 14 8 13 0 2
haar_x3_4
-1.603972e-01 -2.438002e-01 1.497246e-01
0.000000e+00 0.000000e+00 0.000000e+00
0.000000e+00 0.000000e+00 0.000000e+00

6
hog_feature 3
1
0 0 24 12
4_cells_hog
0.000000e+00 0.000000e+00 0.000000e+00
1.133380e+02 1.755131e-01 -3.783412e-01
5.772147e+02 3.397816e-02 -6.769822e-01

2
hog_feature 3
17
20 6 16 32
4_cells_hog
0.000000e+00 0.000000e+00 0.000000e+00
2.421095e+02 -5.792591e-01 1.058050e-01
0.000000e+00 0.000000e+00 0.000000e+00

5
haar_feature 1
3
24 14 8 8 0 -1
24 14 4 4 0 2
28 18 4 4 0 2
haar_x2_y2
-1.423918e-02 6.931677e-01 -4.268185e-02
0.000000e+00 0.000000e+00 0.000000e+00
7.255567e-03 -7.928453e-02 3.410750e-01

3
hog_feature 3
33
0 4 26 26
4_cells_hog
7.042136e+02 -1.322257e-01 1.941967e-01
1.005389e+03 4.286261e-02 -8.598508e-01
0.000000e+00 0.000000e+00 0.000000e+00

4
haar_feature 1
2
18 12 7 9 0 -1
18 15 7 3 0 3
haar_y3_0
0.000000e+00 0.000000e+00 0.000000e+00
0.000000e+00 0.000000e+00 0.000000e+00
-7.489526e-04 2.040705e-01 -2.233286e-01

3
hog_feature 3
2
4 20 24 12
4_cells_hog
6.267006e+01 -2.861754e-01 9.365378e-02
3.061794e+02 5.503207e-02 -6.525770e-01
0.000000e+00 0.000000e+00 0.000000e+00

4
var_feature 2
1
12 8 4 4
one_rect_var
0.000000e+00 0.000000e+00 0.000000e+00
0.000000e+00 0.000000e+00 0.000000e+00
1.415234e+02 -2.705290e-01 1.581347e-01

1
hog_feature 3
22
16 28 8 8
4_cells_hog
3.340250e+01 9.926204e-02 -3.774112e-01
0.000000e+00 0.000000e+00 0.000000e+00
0.000000e+00 0.000000e+00 0.000000e+00

6
haar_feature 1
2
14 16 4 6 0 -1
14 19 4 3 0 2
haar_y2
0.000000e+00 0.000000e+00 0.000000e+00
-2.360535e-03 2.355305e-01 -2.583081e-01
2.183503e-04 -1.529358e-01 9.732162e-02

2
hog_feature 3
28
32 26 6 12
4_cells_hog
0.000000e+00 0.000000e+00 0.000000e+00
1.290320e+01 1.967800e-01 -2.943563e-01
0.000000e+00 0.000000e+00 0.000000e+00

5
var_feature 2
1
4 0 26 4
one_rect_var
3.468548e+03 3.641309e-02 -8.311303e-01
0.000000e+00 0.000000e+00 0.000000e+00
3.394803e+03 3.870510e-02 -5.308307e-01

3
hog_feature 3
8
14 6 10 20
4_cells_hog
5.393210e+02 -9.136483e-02 1.819345e-01
3.348426e+01 -4.427555e-01 1.215889e-01
0.000000e+00 0.000000e+00 0.000000e+00

4
haar_feature 1
2
10 22 9 3 0 -1
16 22 3 3 0 3
haar_x3_2
0.000000e+00 0.000000e+00 0.000000e+00
0.000000e+00 0.000000e+00 0.000000e+00
6.880210e-04 1.647428e-01 -2.477048e-01

3
hog_feature 3
7
8 0 16 8
4_cells_hog
2.261393e+02 6.455700e-02 -4.742217e-01
1.949963e+01 1.612396e-01 -2.480999e-01
0.000000e+00 0.000000e+00 0.000000e+00

4
haar_feature 1
2
6 20 12 15 0 -1
10 20 4 15 0 3
haar_x3_0
0.000000e+00 0.000000e+00 0.000000e+00
0.000000e+00 0.000000e+00 0.000000e+00
-9.831843e-03 2.960546e-01 -1.522352e-01

2
hog_feature 3
28
14 12 22 22
4_cells_hog
0.000000e+00 0.000000e+00 0.000000e+00
3.868459e+02 -3.070635e-01 2.154029e-01
0.000000e+00 0.000000e+00 0.000000e+00

5
haar_feature 1
2
10 6 21 19 0 -1
17 6 7 19 0 3
haar_x3_0
1.621255e-01 4.594619e-02 -6.223612e-01
0.000000e+00 0.000000e+00 0.000000e+00
-1.554222e-01 -8.603256e-01 2.502690e-02

1
hog_feature 3
34
0 0 20 10
4_cells_hog
2.715400e+02 -1.487176e-01 2.417087e-01
0.000000e+00 0.000000e+00 0.000000e+00
0.000000e+00 0.000000e+00 0.000000e+00

6
var_feature 2
1
14 20 4 4
one_rect_var
0.000000e+00 0.000000e+00 0.000000e+00
2.252344e+01 -6.717218e-01 5.889951e-02
2.143555e+02 6.917025e-02 -3.645685e-01

3
hog_feature 3
14
4 4 24 12
4_cells_hog
5.321971e+01 1.314644e-01 -1.448011e-01
8.087714e+01 -4.415864e-01 9.586450e-02
0.000000e+00 0.000000e+00 0.000000e+00

4
hog_feature 3
29
6 10 12 6
4_cells_hog
0.000000e+00 0.000000e+00 0.000000e+00
0.000000e+00 0.000000e+00 0.000000e+00
1.831055e-04 2.697964e-01 -1.436800e-01

3
hog_feature 3
35
12 14 14 14
4_cells_hog
7.725610e+01 1.721537e-01 -1.028863e-01
3.148962e+01 1.859398e-01 -2.448899e-01
0.000000e+00 0.000000e+00 0.000000e+00

4
haar_feature 1
2
16 14 9 6 0 -1
16 14 3 6 0 3
haar_x3_1
0.000000e+00 0.000000e+00 0.000000e+00
0.000000e+00 0.000000e+00 0.000000e+00
-9.842161e-03 -5.748715e-01 7.041640e-02

1
haar_feature 1
2
20 2 11 33 0 -1
20 2 11 11 0 2
haar_y3_4
-8.524074e-02 5.660214e-02 -5.549868e-01
0.000000e+00 0.000000e+00 0.000000e+00
0.000000e+00 0.000000e+00 0.000000e+00

6
haar_feature 1
2
14 12 9 6 0 -1
20 12 3 6 0 2
haar_x3_5
0.000000e+00 0.000000e+00 0.000000e+00
-1.316175e-02 2.836947e-02 -9.663645e-01
-4.779779e-02 -4.627259e-01 8.172089e-02

7
hog_feature 3
8
8 26 10 10
4_cells_hog
4.990519e+02 -5.296794e-02 4.009137e-01
2.455225e+01 -2.991788e-01 1.302338e-01
3.228452e+02 -9.440666e-02 2.465799e-01

2
haar_feature 1
2
8 10 11 9 0 -1
8 10 11 3 0 3
haar_y3_1
0.000000e+00 0.000000e+00 0.000000e+00
1.852029e-02 -1.940348e-01 3.112172e-01
0.000000e+00 0.000000e+00 0.000000e+00

5
var_feature 2
1
26 2 8 9
one_rect_var
1.635892e+02 -2.723385e-01 6.756544e-02
0.000000e+00 0.000000e+00 0.000000e+00
4.148480e+01 4.955936e-01 -7.012573e-02

1
hog_feature 3
0
8 0 14 28
4_cells_hog
9.198649e+02 6.181866e-02 -5.186949e-01
0.000000e+00 0.000000e+00 0.000000e+00
0.000000e+00 0.000000e+00 0.000000e+00

6
hog_feature 3
25
26 20 10 10
4_cells_hog
0.000000e+00 0.000000e+00 0.000000e+00
6.403442e+00 1.500314e-01 -1.738552e-01
5.545911e+01 1.065819e-01 -3.904639e-01

2
haar_feature 1
2
16 0 17 8 0 -1
16 4 17 4 0 2
haar_y2
0.000000e+00 0.000000e+00 0.000000e+00
2.628564e-02 -1.664288e-01 3.222999e-01
0.000000e+00 0.000000e+00 0.000000e+00

5
haar_feature 1
3
24 18 8 8 0 -1
24 18 4 4 0 2
28 22 4 4 0 2
haar_x2_y2
4.686870e-03 -9.656720e-02 2.425481e-01
0.000000e+00 0.000000e+00 0.000000e+00
6.877764e-03 -7.504807e-02 4.174573e-01

2
haar_feature 1
2
6 12 32 18 0 -1
6 24 32 6 0 3
haar_y3_2
0.000000e+00 0.000000e+00 0.000000e+00
-7.437733e-02 -7.552576e-01 8.205836e-02
0.000000e+00 0.000000e+00 0.000000e+00

5
hog_feature 3
31
16 8 12 12
4_cells_hog
3.161975e+02 2.391797e-02 -5.975993e-01
0.000000e+00 0.000000e+00 0.000000e+00
1.708564e+02 6.684159e-02 -5.655274e-01

3
hog_feature 3
12
14 10 6 12
4_cells_hog
2.236038e+00 1.194118e-01 -1.467882e-01
5.872958e+01 1.218242e-01 -3.607998e-01
0.000000e+00 0.000000e+00 0.000000e+00

4
haar_feature 1
2
16 18 9 9 0 -1
16 21 9 3 0 3
haar_y3_0
0.000000e+00 0.000000e+00 0.000000e+00
0.000000e+00 0.000000e+00 0.000000e+00
-1.032885e-03 2.224450e-01 -1.967629e-01

3
hog_feature 3
25
8 16 18 18
4_cells_hog
4.165202e+01 -3.972987e-01 3.387422e-02
2.033530e+01 -7.182568e-01 6.562892e-02
0.000000e+00 0.000000e+00 0.000000e+00

4
hog_feature 3
26
16 30 8 8
4_cells_hog
0.000000e+00 0.000000e+00 0.000000e+00
0.000000e+00 0.000000e+00 0.000000e+00
7.070923e+00 1.917878e-01 -2.085277e-01

2
hog_feature 3
23
0 20 18 18
4_cells_hog
0.000000e+00 0.000000e+00 0.000000e+00
2.156664e+02 9.136644e-02 -5.449687e-01
0.000000e+00 0.000000e+00 0.000000e+00

5
hog_feature 3
15
2 14 12 24
4_cells_hog
1.286602e+02 1.266566e-01 -1.607367e-01
0.000000e+00 0.000000e+00 0.000000e+00
7.256489e+02 -4.427068e-02 7.219204e-01

2
hog_feature 3
19
8 20 6 6
4_cells_hog
0.000000e+00 0.000000e+00 0.000000e+00
1.749284e+01 9.155107e-02 -5.790958e-01
0.000000e+00 0.000000e+00 0.000000e+00

5
haar_feature 1
2
12 34 12 6 0 -1
12 37 12 3 0 2
haar_y2
-3.204135e-03 1.578698e-01 -1.489923e-01
0.000000e+00 0.000000e+00 0.000000e+00
3.243942e-03 -7.635903e-02 3.142241e-01

2
hog_feature 3
19
2 6 20 10
4_cells_hog
0.000000e+00 0.000000e+00 0.000000e+00
2.120264e+02 -2.161066e-01 2.545385e-01
0.000000e+00 0.000000e+00 0.000000e+00

5
hog_feature 3
0
12 2 20 10
4_cells_hog
5.067799e+01 -3.205552e-01 6.839948e-02
0.000000e+00 0.000000e+00 0.000000e+00
1.218686e+02 -2.432493e-01 1.149077e-01

5
hog_feature 3
9
20 0 12 6
4_cells_hog
2.238104e+01 1.967079e-01 -1.499958e-01
0.000000e+00 0.000000e+00 0.000000e+00
1.009188e+02 7.703834e-02 -2.680765e-01

5
haar_feature 1
3
6 6 8 16 0 -1
6 6 4 8 0 2
10 14 4 8 0 2
haar_x2_y2
1.959615e-02 -4.432525e-02 3.841707e-01
0.000000e+00 0.000000e+00 0.000000e+00
4.224611e-03 -1.634610e-01 2.071444e-01

5
haar_feature 1
2
12 24 12 6 0 -1
16 24 4 6 0 3
haar_x3_0
4.574016e-03 1.102708e-01 -2.527559e-01
0.000000e+00 0.000000e+00 0.000000e+00
1.630323e-02 -4.700581e-02 4.321112e-01

5
var_feature 2
1
14 22 15 7
one_rect_var
8.513159e+01 6.196340e-01 -4.004200e-02
0.000000e+00 0.000000e+00 0.000000e+00
3.552964e+02 1.300105e-01 -1.663745e-01

5
hog_feature 3
1
22 2 14 28
4_cells_hog
1.441824e+03 -4.804936e-02 4.341336e-01
0.000000e+00 0.000000e+00 0.000000e+00
7.827190e+02 -9.436764e-02 3.801918e-01

5
hog_feature 3
17
14 8 12 12
4_cells_hog
8.651062e+00 -7.423540e-01 3.775465e-02
0.000000e+00 0.000000e+00 0.000000e+00
8.131141e+02 -4.308670e-02 5.153519e-01

5
hog_feature 3
9
4 10 14 14
4_cells_hog
2.309291e+01 3.933631e-01 -7.746588e-02
0.000000e+00 0.000000e+00 0.000000e+00
1.516957e+01 -6.457300e-01 2.781324e-02

5
var_feature 2
1
14 20 4 5
one_rect_var
1.910266e+02 -2.093098e-01 8.761638e-02
0.000000e+00 0.000000e+00 0.000000e+00
9.274902e+00 2.487948e-01 -1.274608e-01

5
hog_feature 3
33
0 4 34 34
4_cells_hog
1.624216e+03 5.726801e-02 -3.556457e-01
0.000000e+00 0.000000e+00 0.000000e+00
1.372272e+02 -3.563221e-01 9.147408e-02

5
hog_feature 3
31
12 28 16 8
4_cells_hog
2.811938e+01 1.206403e-01 -1.648900e-01
0.000000e+00 0.000000e+00 0.000000e+00
1.787660e+02 5.256174e-02 -5.368826e-01

5
haar_feature 1
2
12 24 5 15 0 -1
12 29 5 5 0 3
haar_y3_0
-3.936874e-03 1.208418e-01 -7.206579e-02
0.000000e+00 0.000000e+00 0.000000e+00
4.232661e-03 -2.014314e-01 2.185662e-01

5
hog_feature 3
6
18 26 10 10
4_cells_hog
1.204205e+01 -3.815332e-01 8.229427e-02
0.000000e+00 0.000000e+00 0.000000e+00
6.403015e+00 1.202111e-01 -1.037443e-01

5
haar_feature 1
2
6 12 33 9 0 -1
6 18 33 3 0 2
haar_y3_5
-1.549749e-01 -1.890819e-01 1.600255e-01
0.000000e+00 0.000000e+00 0.000000e+00
-5.651587e-02 1.396543e-02 -8.562803e-01

5
hog_feature 3
34
10 26 6 6
4_cells_hog
5.878394e+01 -5.798554e-02 1.559801e-01
0.000000e+00 0.000000e+00 0.000000e+00
3.764360e+01 -1.347429e-01 2.797244e-01

5
hog_feature 3
25
0 12 22 22
4_cells_hog
4.023326e+02 7.166181e-02 -2.261225e-01
0.000000e+00 0.000000e+00 0.000000e+00
7.229314e+02 6.914595e-02 -4.722888e-01

5
haar_feature 1
2
0 28 39 12 0 -1
26 28 13 12 0 3
haar_x3_2
-8.785390e-02 1.752580e-01 -1.424223e-01
0.000000e+00 0.000000e+00 0.000000e+00
-3.992085e-02 1.217572e-01 -2.016813e-01

5
haar_feature 1
2
16 14 4 26 0 -1
16 27 4 13 0 2
haar_y2
3.212886e-03 1.096410e-01 -3.022762e-01
0.000000e+00 0.000000e+00 0.000000e+00
-5.908564e-02 9.322628e-01 -1.483217e-02

5
haar_feature 1
2
2 30 7 9 0 -1
2 33 7 3 0 3
haar_y3_0
-5.975757e-04 2.037081e-01 -1.516840e-01
0.000000e+00 0.000000e+00 0.000000e+00
-7.036611e-03 3.381566e-01 -5.276091e-02

5
hog_feature 3
3
20 4 6 12
4_cells_hog
3.904507e+01 6.044078e-02 -3.135653e-01
0.000000e+00 0.000000e+00 0.000000e+00
8.919020e+01 5.156374e-02 -4.997671e-01

1
haar_feature 1
2
28 2 12 34 0 -1
32 2 4 34 0 2
haar_x3_3
-9.628114e-02 4.829090e-02 -6.590750e-01
0.000000e+00 0.000000e+00 0.000000e+00
0.000000e+00 0.000000e+00 0.000000e+00

51
1 3 5 7 8 10 13 14 16 19 20 22 24 27 28 30 33 34 36 38 40 42 44 45 48 50 51 53 56 58 60 61 62 63 64 65 66 67 68 69 70 71 72 73 74 75 76 77 78 79 80 
-1.272905e+00
31
0 2 4 6 9 10 12 14 17 18 20 22 25 26 28 30 32 35 36 38 41 42 43 46 47 49 51 53 55 57 59 
-1.774415e+00
50
1 3 5 7 9 11 13 15 17 19 21 23 25 27 29 31 33 35 37 39 41 42 44 46 48 50 52 54 56 58 60 61 62 63 64 65 66 67 68 69 70 71 72 73 74 75 76 77 78 79 
-1.532467e+00

13
-1
