8
2
hog_feature 3
11
10 16 18 18
4_cells_hog
0.000000e+00 0.000000e+00 0.000000e+00
1.566270e+02 -9.078498e-01 4.877250e-01
0.000000e+00 0.000000e+00 0.000000e+00

5
hog_feature 3
27
10 0 18 18
4_cells_hog
2.432862e+02 -8.629526e-01 4.632911e-01
0.000000e+00 0.000000e+00 0.000000e+00
1.735487e+02 -8.640662e-01 3.586957e-01

3
hog_feature 3
25
6 4 26 26
4_cells_hog
1.607162e+02 -8.750987e-01 2.569286e-01
3.102278e+02 -7.925001e-01 3.685848e-01
0.000000e+00 0.000000e+00 0.000000e+00

4
hog_feature 3
19
24 8 14 28
4_cells_hog
0.000000e+00 0.000000e+00 0.000000e+00
0.000000e+00 0.000000e+00 0.000000e+00
1.814719e+02 -8.097251e-01 4.120015e-01

2
haar_feature 1
2
16 8 6 24 0 -1
16 16 6 8 0 3
haar_y3_0
0.000000e+00 0.000000e+00 0.000000e+00
-1.940279e-02 5.559460e-01 -7.894576e-01
0.000000e+00 0.000000e+00 0.000000e+00

5
haar_feature 1
2
0 14 39 19 0 -1
13 14 13 19 0 3
haar_x3_0
1.745839e-01 -3.923308e-01 5.459125e-01
0.000000e+00 0.000000e+00 0.000000e+00
2.975554e-01 -3.479811e-01 8.282790e-01

5
var_feature 2
1
14 4 10 4
one_rect_var
1.022957e+02 -8.257955e-01 2.909541e-01
0.000000e+00 0.000000e+00 0.000000e+00
1.848314e+01 -9.748971e-01 2.279906e-01

5
hog_feature 3
22
10 8 24 24
4_cells_hog
9.659526e+02 7.058772e-02 -8.598644e-01
0.000000e+00 0.000000e+00 0.000000e+00
3.496830e+02 2.469146e-01 -9.204847e-01

5
1 2 5 6 7 
-1.947347e+00
3
0 2 4 
-1.328723e+00
5
1 3 5 6 7 
-1.546867e+00

-1
-1
