10
3
hog_feature 3
26
2 4 14 28
4_cells_hog
5.199916e+02 -8.241042e-01 1.519435e-01
4.671406e+02 -7.928802e-01 1.245552e-01
0.000000e+00 0.000000e+00 0.000000e+00

4
hog_feature 3
11
22 14 12 24
4_cells_hog
0.000000e+00 0.000000e+00 0.000000e+00
0.000000e+00 0.000000e+00 0.000000e+00
6.910028e+02 -6.984925e-01 3.541667e-01

2
haar_feature 1
2
10 12 12 21 0 -1
10 19 12 7 0 3
haar_y3_0
0.000000e+00 0.000000e+00 0.000000e+00
-2.581269e-02 4.150590e-01 -7.273183e-01
0.000000e+00 0.000000e+00 0.000000e+00

5
var_feature 2
1
14 32 4 5
one_rect_var
5.436388e+02 1.879297e-01 -9.348910e-01
0.000000e+00 0.000000e+00 0.000000e+00
8.560449e+02 1.337917e-01 -9.191678e-01

1
hog_feature 3
7
4 16 16 16
4_cells_hog
2.030074e+02 -8.204092e-01 3.582246e-01
0.000000e+00 0.000000e+00 0.000000e+00
0.000000e+00 0.000000e+00 0.000000e+00

6
haar_feature 1
2
10 32 10 8 0 -1
10 36 10 4 0 2
haar_y2
0.000000e+00 0.000000e+00 0.000000e+00
-9.929735e-04 2.565189e-01 -7.411344e-01
-4.130876e-03 3.938897e-01 -6.028962e-01

3
hog_feature 3
20
6 8 14 28
4_cells_hog
2.395909e+02 4.081370e-01 -7.797024e-01
1.588254e+02 4.600237e-01 -6.341159e-01
0.000000e+00 0.000000e+00 0.000000e+00

4
haar_feature 1
2
16 18 4 8 0 -1
16 22 4 4 0 2
haar_y2
0.000000e+00 0.000000e+00 0.000000e+00
0.000000e+00 0.000000e+00 0.000000e+00
-1.520313e-03 3.693441e-01 -6.517817e-01

5
hog_feature 3
26
2 6 14 28
4_cells_hog
2.472869e+02 -8.728362e-01 2.354866e-01
0.000000e+00 0.000000e+00 0.000000e+00
6.298223e+02 -5.566595e-01 4.130284e-01

4
haar_feature 1
2
8 26 15 4 0 -1
18 26 5 4 0 3
haar_x3_2
0.000000e+00 0.000000e+00 0.000000e+00
0.000000e+00 0.000000e+00 0.000000e+00
2.589401e-04 -8.729302e-01 2.923297e-01

5
0 3 4 6 8 
-1.024752e+00
4
0 2 5 6 
-9.803602e-01
6
1 3 5 7 8 9 
-1.258155e+00

3
-1
