46
2
hog_feature 3
2
20 18 10 10
4_cells_hog
0.000000e+00 0.000000e+00 0.000000e+00
2.405681e+02 -5.670481e-01 3.098237e-01
0.000000e+00 0.000000e+00 0.000000e+00

5
haar_feature 1
2
0 12 18 22 0 -1
9 12 9 22 0 2
haar_x2
6.969329e-02 -4.833680e-01 -5.815062e-02
0.000000e+00 0.000000e+00 0.000000e+00
1.083150e-01 -5.481629e-01 1.164241e-01

2
hog_feature 3
20
6 16 16 16
4_cells_hog
0.000000e+00 0.000000e+00 0.000000e+00
5.243958e+01 3.240423e-01 -5.478069e-01
0.000000e+00 0.000000e+00 0.000000e+00

5
hog_feature 3
13
8 6 18 18
4_cells_hog
5.781491e+01 2.003135e-01 -2.849972e-01
0.000000e+00 0.000000e+00 0.000000e+00
8.312515e+01 1.686931e-01 -3.949619e-01

1
hog_feature 3
7
14 4 14 28
4_cells_hog
7.746786e+02 -1.767293e-01 4.201854e-01
0.000000e+00 0.000000e+00 0.000000e+00
0.000000e+00 0.000000e+00 0.000000e+00

6
hog_feature 3
20
22 24 14 14
4_cells_hog
0.000000e+00 0.000000e+00 0.000000e+00
2.117603e+02 -3.116765e-01 4.575469e-01
9.567328e+01 -4.167685e-01 1.828966e-01

3
var_feature 2
1
2 0 13 4
one_rect_var
2.259686e+02 3.303527e-01 -1.858564e-01
1.294531e+01 5.907378e-01 -1.423597e-01
0.000000e+00 0.000000e+00 0.000000e+00

4
hog_feature 3
13
6 0 16 8
4_cells_hog
0.000000e+00 0.000000e+00 0.000000e+00
0.000000e+00 0.000000e+00 0.000000e+00
6.285245e+01 -2.958450e-01 2.772794e-01

3
haar_feature 1
2
12 24 9 9 0 -1
12 27 9 3 0 3
haar_y3_0
-3.640203e-03 2.674198e-01 -1.490339e-01
2.052904e-03 -4.646264e-01 2.406069e-01
0.000000e+00 0.000000e+00 0.000000e+00

4
hog_feature 3
31
2 22 20 10
4_cells_hog
0.000000e+00 0.000000e+00 0.000000e+00
0.000000e+00 0.000000e+00 0.000000e+00
3.216626e+01 2.192100e-01 -3.826815e-01

3
haar_feature 1
2
12 0 21 12 0 -1
12 0 21 4 0 3
haar_y3_1
-2.507148e-02 2.438824e-01 -1.333782e-01
-7.546742e-02 5.080692e-01 -2.447557e-01
0.000000e+00 0.000000e+00 0.000000e+00

4
haar_feature 1
2
8 22 9 18 0 -1
8 34 9 6 0 3
haar_y3_2
0.000000e+00 0.000000e+00 0.000000e+00
0.000000e+00 0.000000e+00 0.000000e+00
-1.577165e-02 2.709351e-01 -3.089220e-01

2
hog_feature 3
30
24 0 12 24
4_cells_hog
0.000000e+00 0.000000e+00 0.000000e+00
1.843953e+02 2.010265e-01 -6.796003e-01
0.000000e+00 0.000000e+00 0.000000e+00

5
hog_feature 3
27
6 2 18 36
4_cells_hog
3.529779e+02 2.310553e-01 -1.880349e-01
0.000000e+00 0.000000e+00 0.000000e+00
6.980833e+02 1.165167e-01 -5.072868e-01

2
hog_feature 3
26
4 10 10 20
4_cells_hog
0.000000e+00 0.000000e+00 0.000000e+00
3.797691e+02 -3.122892e-01 4.664422e-01
0.000000e+00 0.000000e+00 0.000000e+00

5
hog_feature 3
9
16 12 10 10
4_cells_hog
1.903586e+02 -1.866588e-01 2.439398e-01
0.000000e+00 0.000000e+00 0.000000e+00
6.581665e+01 -3.789922e-01 2.023690e-01

1
hog_feature 3
1
24 8 14 14
4_cells_hog
2.007598e+02 -2.398092e-01 2.652600e-01
0.000000e+00 0.000000e+00 0.000000e+00
0.000000e+00 0.000000e+00 0.000000e+00

6
haar_feature 1
2
8 18 9 7 0 -1
8 18 3 7 0 3
haar_x3_1
0.000000e+00 0.000000e+00 0.000000e+00
2.976648e-03 -5.575467e-01 2.511647e-01
1.429803e-02 -9.632283e-02 3.183688e-01

1
hog_feature 3
25
12 2 18 36
4_cells_hog
5.105046e+02 -3.142375e-01 2.118969e-01
0.000000e+00 0.000000e+00 0.000000e+00
0.000000e+00 0.000000e+00 0.000000e+00

6
hog_feature 3
16
20 26 10 10
4_cells_hog
0.000000e+00 0.000000e+00 0.000000e+00
8.605530e+00 2.436265e-01 -3.178865e-01
5.162866e+01 1.432279e-01 -4.798775e-01

2
hog_feature 3
17
20 6 16 32
4_cells_hog
0.000000e+00 0.000000e+00 0.000000e+00
2.421023e+02 -6.738476e-01 1.965827e-01
0.000000e+00 0.000000e+00 0.000000e+00

5
hog_feature 3
7
4 14 20 10
4_cells_hog
2.875803e+01 2.710971e-01 -1.373854e-01
0.000000e+00 0.000000e+00 0.000000e+00
6.072578e+02 -1.060712e-01 6.813211e-01

2
hog_feature 3
18
10 2 18 36
4_cells_hog
0.000000e+00 0.000000e+00 0.000000e+00
4.532219e+02 1.884531e-01 -6.859794e-01
0.000000e+00 0.000000e+00 0.000000e+00

5
hog_feature 3
14
0 4 32 16
4_cells_hog
3.162207e+02 1.032507e-01 -3.918944e-01
0.000000e+00 0.000000e+00 0.000000e+00
3.921509e+02 1.105639e-01 -5.503098e-01

2
hog_feature 3
22
4 6 16 32
4_cells_hog
0.000000e+00 0.000000e+00 0.000000e+00
2.141884e+02 2.298506e-01 -4.819055e-01
0.000000e+00 0.000000e+00 0.000000e+00

5
haar_feature 1
2
6 10 34 12 0 -1
6 18 34 4 0 2
haar_y3_5
-2.258867e-01 -2.814051e-01 2.040744e-01
0.000000e+00 0.000000e+00 0.000000e+00
-2.854393e-01 -3.152686e-01 1.166683e-01

1
var_feature 2
1
4 6 33 6
one_rect_var
3.247306e+03 8.539086e-02 -6.975524e-01
0.000000e+00 0.000000e+00 0.000000e+00
0.000000e+00 0.000000e+00 0.000000e+00

6
var_feature 2
1
12 8 5 4
one_rect_var
0.000000e+00 0.000000e+00 0.000000e+00
3.361914e+01 -8.004187e-01 8.486397e-02
1.009182e+02 -4.082315e-01 1.483639e-01

5
hog_feature 3
21
10 20 24 12
4_cells_hog
2.249824e+02 9.392542e-02 -4.537793e-01
0.000000e+00 0.000000e+00 0.000000e+00
5.555713e+01 1.997963e-01 -3.043044e-01

5
haar_feature 1
2
16 10 4 30 0 -1
16 10 4 10 0 3
haar_y3_1
-2.449118e-02 -4.203428e-01 1.070829e-01
0.000000e+00 0.000000e+00 0.000000e+00
-4.333115e-02 -6.921992e-01 6.500787e-02

5
haar_feature 1
2
16 14 6 24 0 -1
16 14 6 8 0 2
haar_y3_4
-1.110011e-02 6.020487e-02 -7.265400e-01
0.000000e+00 0.000000e+00 0.000000e+00
-2.625581e-02 5.495159e-02 -8.539670e-01

5
hog_feature 3
30
6 10 14 14
4_cells_hog
4.103992e+01 -3.642457e-01 1.012660e-01
0.000000e+00 0.000000e+00 0.000000e+00
4.123107e+00 -7.048156e-01 6.528433e-02

5
var_feature 2
1
32 0 7 4
one_rect_var
1.821375e+02 1.867234e-01 -1.668519e-01
0.000000e+00 0.000000e+00 0.000000e+00
4.764160e+00 7.344039e-01 -9.308264e-02

5
hog_feature 3
26
18 0 12 6
4_cells_hog
4.772427e+01 -2.449837e-01 1.460219e-01
0.000000e+00 0.000000e+00 0.000000e+00
1.919588e+01 -3.515860e-01 1.691162e-01

5
hog_feature 3
10
10 6 10 20
4_cells_hog
5.601398e+01 2.206693e-01 -1.745963e-01
0.000000e+00 0.000000e+00 0.000000e+00
7.279861e+02 -6.694111e-02 5.726491e-01

5
haar_feature 1
2
20 30 19 9 0 -1
20 30 19 3 0 2
haar_y3_4
-9.754634e-02 -2.964713e-01 1.686343e-01
0.000000e+00 0.000000e+00 0.000000e+00
-7.207796e-02 -1.449928e-01 1.893633e-01

5
var_feature 2
1
2 4 38 21
one_rect_var
8.700786e+02 2.851389e-01 -7.080127e-02
0.000000e+00 0.000000e+00 0.000000e+00
3.850184e+03 9.491826e-02 -7.297348e-01

5
hog_feature 3
33
8 10 14 14
4_cells_hog
1.545244e+02 -2.302013e-01 2.230886e-01
0.000000e+00 0.000000e+00 0.000000e+00
3.662109e-04 -6.280217e-01 2.082952e-02

5
hog_feature 3
7
0 0 16 16
4_cells_hog
1.527541e+02 6.479522e-02 -1.621235e-01
0.000000e+00 0.000000e+00 0.000000e+00
1.035375e+02 2.203421e-01 -3.327579e-01

5
hog_feature 3
1
22 6 10 20
4_cells_hog
3.638849e+02 -1.429477e-01 3.178235e-01
0.000000e+00 0.000000e+00 0.000000e+00
5.039695e+02 -8.739781e-02 3.716553e-01

5
hog_feature 3
30
10 8 28 28
4_cells_hog
3.907382e+02 1.752463e-01 -3.243897e-01
0.000000e+00 0.000000e+00 0.000000e+00
8.848754e+02 6.496689e-02 -4.675687e-01

5
hog_feature 3
27
18 14 16 16
4_cells_hog
4.110095e+01 -4.991982e-01 6.995123e-02
0.000000e+00 0.000000e+00 0.000000e+00
2.838450e+02 -2.069656e-01 2.245232e-01

5
hog_feature 3
27
6 2 18 36
4_cells_hog
1.021665e+03 7.186959e-02 -6.600680e-01
0.000000e+00 0.000000e+00 0.000000e+00
3.403550e+02 1.707120e-01 -2.444138e-01

5
hog_feature 3
21
22 0 14 28
4_cells_hog
1.792856e+01 -5.923143e-01 3.344718e-02
0.000000e+00 0.000000e+00 0.000000e+00
5.235660e+01 -4.424462e-01 1.312709e-01

5
hog_feature 3
26
6 18 32 16
4_cells_hog
7.752930e+01 -9.406735e-01 3.540599e-02
0.000000e+00 0.000000e+00 0.000000e+00
5.340912e+01 -7.006222e-01 5.099715e-02

1
hog_feature 3
25
24 26 6 12
4_cells_hog
3.741449e+01 1.547624e-01 -3.833642e-01
0.000000e+00 0.000000e+00 0.000000e+00
0.000000e+00 0.000000e+00 0.000000e+00

32
1 3 4 6 8 10 13 15 16 18 21 23 25 26 28 29 30 31 32 33 34 35 36 37 38 39 40 41 42 43 44 45 
-1.519792e+00
14
0 2 5 6 8 10 12 14 17 19 20 22 24 27 
-1.859986e+00
31
1 3 5 7 9 11 13 15 17 19 21 23 25 27 28 29 30 31 32 33 34 35 36 37 38 39 40 41 42 43 44 
-1.743764e+00

7
-1
