7
3
haar_feature 1
2
8 26 12 9 0 -1
8 32 12 3 0 2
haar_y3_5
-1.084331e-02 9.796541e-01 -1.000000e+00
-2.347245e-02 9.877676e-01 -5.000000e-01
0.000000e+00 0.000000e+00 0.000000e+00

4
haar_feature 1
2
6 8 16 12 0 -1
6 12 16 4 0 3
haar_y3_0
0.000000e+00 0.000000e+00 0.000000e+00
0.000000e+00 0.000000e+00 0.000000e+00
2.962264e-02 9.938272e-01 -6.666667e-01

3
var_feature 2
1
16 10 5 9
one_rect_var
2.329089e+01 -8.683243e-01 9.086292e-01
4.282227e+01 -4.881657e-01 9.500386e-01
0.000000e+00 0.000000e+00 0.000000e+00

3
hog_feature 3
33
4 4 30 30
4_cells_hog
1.119361e+03 8.787926e-01 -2.690181e-01
5.735498e+02 9.281780e-01 -7.040588e-01
0.000000e+00 0.000000e+00 0.000000e+00

3
haar_feature 1
3
16 20 18 12 0 -1
16 20 9 6 0 2
25 26 9 6 0 2
haar_x2_y2
-3.377344e-03 -2.199557e-01 7.710671e-01
2.594255e-04 9.414573e-01 -6.052730e-01
0.000000e+00 0.000000e+00 0.000000e+00

3
hog_feature 3
7
16 6 16 32
4_cells_hog
2.385166e+02 -6.901180e-01 6.816813e-01
1.871880e+02 -1.298521e-01 8.086920e-01
0.000000e+00 0.000000e+00 0.000000e+00

1
hog_feature 3
30
18 18 16 8
4_cells_hog
9.150208e+01 7.672442e-01 -6.915405e-01
0.000000e+00 0.000000e+00 0.000000e+00
0.000000e+00 0.000000e+00 0.000000e+00

6
0 2 3 4 5 6 
1.165462e+00
5
0 2 3 4 5 
6.926548e-01
1
1 
9.938272e-01

21
-1
