20
7
haar_feature 1
2
18 15 5 9 0 -1
18 21 5 3 0 2
haar_y3_5
-5.038128e-02 -1.098901e-02 -3.909627e-01
1.683024e-03 -4.820416e-01 7.746479e-01
-2.519516e-02 -4.652778e-01 -2.115385e-01

7
hog_feature 3
8
9 12 20 10
4_cells_hog
2.733862e+02 -1.132441e-01 4.965928e-01
3.492076e+01 2.826566e-01 -4.424796e-01
2.862759e+01 1.886737e-01 -4.146473e-01

7
var_feature 2
1
18 24 20 4
one_rect_var
1.518183e+03 -2.249640e-01 2.120227e-01
8.455305e+02 2.891082e-01 -5.345408e-01
2.688572e+02 -8.445027e-01 3.605357e-02

7
hog_feature 3
34
30 12 10 10
4_cells_hog
1.715134e+02 -1.705265e-01 2.509497e-01
1.777806e+02 -3.681908e-01 4.204356e-01
3.662109e-04 2.785038e-01 -1.330620e-01

7
hog_feature 3
15
6 15 32 16
4_cells_hog
1.850933e+03 5.218375e-02 -6.226960e-01
8.815398e+02 1.836823e-01 -9.572343e-01
3.309062e+02 -2.796175e-01 1.996541e-01

7
hog_feature 3
35
18 9 22 22
4_cells_hog
3.646729e+01 -1.000000e+00 7.890164e-03
1.827731e+02 -6.642307e-01 1.684149e-01
5.728274e+02 8.559240e-02 -8.347594e-01

7
hog_feature 3
0
0 15 10 10
4_cells_hog
3.939457e+01 -1.947745e-01 1.745301e-01
2.006236e+01 -5.999407e-01 1.901651e-01
8.285619e+01 -2.494222e-01 3.409729e-01

7
var_feature 2
1
33 24 4 4
one_rect_var
3.288418e+02 1.768681e-01 -3.642546e-01
2.048652e+02 1.418507e-01 -5.540088e-01
3.066992e+01 -9.407009e-01 7.700805e-02

7
hog_feature 3
5
6 9 20 10
4_cells_hog
2.699937e+01 3.572448e-01 -1.087669e-01
1.585808e+02 2.387382e-01 -6.694257e-01
5.393054e+02 4.372449e-02 -6.340896e-01

7
hog_feature 3
5
15 15 22 22
4_cells_hog
3.462095e+02 -8.771396e-01 6.859328e-02
2.398596e+02 -9.744723e-01 7.689656e-02
1.179052e+03 -1.672453e-01 4.140537e-01

7
hog_feature 3
2
21 27 10 10
4_cells_hog
4.621216e+00 -3.387968e-01 1.146602e-01
2.733862e+01 2.031242e-01 -7.312123e-01
9.155273e-05 4.978753e-01 -7.787585e-02

7
hog_feature 3
13
6 9 10 20
4_cells_hog
1.071971e+03 -2.000491e-01 3.751190e-01
7.057933e+02 9.524197e-02 -6.560168e-01
2.434730e+02 -7.798119e-01 6.155848e-02

5
haar_feature 1
2
6 12 29 9 0 -1
6 18 29 3 0 3
haar_y3_2
8.065291e-02 3.562056e-02 -1.931363e-01
0.000000e+00 0.000000e+00 0.000000e+00
7.280910e-03 1.947841e-01 -6.904089e-01

5
hog_feature 3
31
15 9 20 10
4_cells_hog
1.458262e+02 -3.886808e-01 1.115419e-01
0.000000e+00 0.000000e+00 0.000000e+00
2.620764e+02 3.573253e-01 -2.915714e-01

5
var_feature 2
1
24 18 7 5
one_rect_var
7.028044e+02 2.729873e-01 -3.808500e-01
0.000000e+00 0.000000e+00 0.000000e+00
2.761639e+03 3.154691e-02 -8.757206e-01

5
hog_feature 3
16
15 21 16 16
4_cells_hog
1.536826e+02 -4.574864e-01 1.121679e-01
0.000000e+00 0.000000e+00 0.000000e+00
1.203147e+02 3.158062e-01 -2.738805e-01

5
haar_feature 1
2
0 3 3 33 0 -1
0 3 3 11 0 3
haar_y3_1
2.229207e-02 9.339637e-02 -2.459348e-01
0.000000e+00 0.000000e+00 0.000000e+00
3.592694e-02 2.017877e-01 -6.501143e-01

1
haar_feature 1
2
33 21 5 15 0 -1
33 21 5 5 0 3
haar_y3_1
1.392604e-02 -2.759453e-01 3.779196e-01
0.000000e+00 0.000000e+00 0.000000e+00
0.000000e+00 0.000000e+00 0.000000e+00

1
hog_feature 3
18
12 12 10 10
4_cells_hog
2.036685e+01 2.079609e-01 -4.644508e-01
0.000000e+00 0.000000e+00 0.000000e+00
0.000000e+00 0.000000e+00 0.000000e+00

1
hog_feature 3
26
6 12 10 20
4_cells_hog
1.763019e+02 -2.511736e-01 3.860882e-01
0.000000e+00 0.000000e+00 0.000000e+00
0.000000e+00 0.000000e+00 0.000000e+00

20
0 1 2 3 4 5 6 7 8 9 10 11 12 13 14 15 16 17 18 19 
-1.077111e+00
12
0 1 2 3 4 5 6 7 8 9 10 11 
-1.549470e+00
17
0 1 2 3 4 5 6 7 8 9 10 11 12 13 14 15 16 
-1.204564e+00

15
-1
