79
2
haar_feature 1
2
20 16 8 15 0 -1
20 21 8 5 0 3
haar_y3_0
0.000000e+00 0.000000e+00 0.000000e+00
3.198503e-02 -5.243747e-01 3.816425e-01
0.000000e+00 0.000000e+00 0.000000e+00

5
haar_feature 1
2
0 30 36 5 0 -1
12 30 12 5 0 3
haar_x3_0
1.319377e-01 -3.803419e-01 4.303030e-01
0.000000e+00 0.000000e+00 0.000000e+00
1.265373e-01 -4.233083e-01 3.937500e-01

1
hog_feature 3
9
6 4 28 28
4_cells_hog
1.214881e+03 -2.654140e-01 1.966333e-01
0.000000e+00 0.000000e+00 0.000000e+00
0.000000e+00 0.000000e+00 0.000000e+00

6
haar_feature 1
2
14 16 5 6 0 -1
14 19 5 3 0 2
haar_y2
0.000000e+00 0.000000e+00 0.000000e+00
-1.009984e-03 1.873213e-01 -5.180281e-01
9.086488e-04 -1.984734e-01 1.757375e-01

3
haar_feature 1
2
14 8 18 11 0 -1
23 8 9 11 0 2
haar_x2
4.250076e-02 7.509106e-02 -4.524036e-01
-4.482460e-02 -7.182135e-01 7.047166e-02
0.000000e+00 0.000000e+00 0.000000e+00

4
hog_feature 3
28
16 0 16 32
4_cells_hog
0.000000e+00 0.000000e+00 0.000000e+00
0.000000e+00 0.000000e+00 0.000000e+00
3.108614e+02 -4.872989e-01 1.311453e-01

3
hog_feature 3
17
12 8 26 26
4_cells_hog
9.561986e+02 8.176771e-02 -1.883804e-01
2.975593e+02 -7.225119e-01 9.773967e-02
0.000000e+00 0.000000e+00 0.000000e+00

4
hog_feature 3
18
20 22 14 14
4_cells_hog
0.000000e+00 0.000000e+00 0.000000e+00
0.000000e+00 0.000000e+00 0.000000e+00
1.148679e+02 1.808342e-01 -3.186523e-01

2
hog_feature 3
26
22 16 14 14
4_cells_hog
0.000000e+00 0.000000e+00 0.000000e+00
7.815553e+01 1.479036e-01 -5.635845e-01
0.000000e+00 0.000000e+00 0.000000e+00

5
var_feature 2
1
14 2 7 5
one_rect_var
1.059692e+02 -2.881289e-01 5.162134e-02
0.000000e+00 0.000000e+00 0.000000e+00
4.911952e+02 -2.620218e-01 1.872821e-01

2
hog_feature 3
31
14 18 16 16
4_cells_hog
0.000000e+00 0.000000e+00 0.000000e+00
6.031226e+01 2.370303e-01 -3.521014e-01
0.000000e+00 0.000000e+00 0.000000e+00

5
hog_feature 3
13
2 4 24 24
4_cells_hog
1.518115e+02 1.423765e-01 -1.763797e-01
0.000000e+00 0.000000e+00 0.000000e+00
2.531954e+02 1.094325e-01 -3.444403e-01

1
haar_feature 1
2
2 14 14 9 0 -1
2 20 14 3 0 2
haar_y3_5
-6.133246e-02 -2.168705e-01 2.174411e-01
0.000000e+00 0.000000e+00 0.000000e+00
0.000000e+00 0.000000e+00 0.000000e+00

6
haar_feature 1
2
10 12 18 18 0 -1
10 12 6 18 0 3
haar_x3_1
0.000000e+00 0.000000e+00 0.000000e+00
-3.689358e-02 -7.104027e-01 1.131835e-01
-2.684455e-02 -1.951434e-01 9.576026e-02

1
hog_feature 3
26
18 4 14 28
4_cells_hog
6.426245e+02 8.770511e-02 -5.008850e-01
0.000000e+00 0.000000e+00 0.000000e+00
0.000000e+00 0.000000e+00 0.000000e+00

6
haar_feature 1
2
16 12 10 21 0 -1
16 26 10 7 0 3
haar_y3_2
0.000000e+00 0.000000e+00 0.000000e+00
6.859574e-03 -5.643437e-01 1.219872e-01
-5.013518e-02 -6.800204e-01 3.204352e-02

1
hog_feature 3
7
12 6 8 16
4_cells_hog
4.124709e+02 -1.001527e-01 4.647771e-01
0.000000e+00 0.000000e+00 0.000000e+00
0.000000e+00 0.000000e+00 0.000000e+00

6
hog_feature 3
18
2 10 10 10
4_cells_hog
0.000000e+00 0.000000e+00 0.000000e+00
2.435662e+02 -1.729263e-01 3.740296e-01
3.233415e+01 1.498550e-01 -1.588027e-01

7
hog_feature 3
10
22 0 16 16
4_cells_hog
5.733869e+02 4.297366e-02 -4.728874e-01
3.860437e+01 2.735007e-01 -2.036221e-01
6.670300e+02 4.104082e-02 -7.377878e-01

2
haar_feature 1
2
10 2 11 8 0 -1
10 6 11 4 0 2
haar_y2
0.000000e+00 0.000000e+00 0.000000e+00
1.213696e-02 -2.280351e-01 3.494910e-01
0.000000e+00 0.000000e+00 0.000000e+00

5
hog_feature 3
33
8 12 14 14
4_cells_hog
7.999341e+01 -2.689145e-01 7.508029e-02
0.000000e+00 0.000000e+00 0.000000e+00
1.208580e+02 4.978256e-02 -5.810011e-01

2
hog_feature 3
13
0 10 22 22
4_cells_hog
0.000000e+00 0.000000e+00 0.000000e+00
5.333031e+02 1.357277e-01 -6.143007e-01
0.000000e+00 0.000000e+00 0.000000e+00

5
hog_feature 3
28
14 10 10 10
4_cells_hog
2.236076e+00 -3.972673e-01 4.898380e-02
0.000000e+00 0.000000e+00 0.000000e+00
2.916898e+01 -2.592652e-01 1.365843e-01

2
hog_feature 3
5
10 16 10 20
4_cells_hog
0.000000e+00 0.000000e+00 0.000000e+00
5.247771e+01 -4.501199e-01 1.610027e-01
0.000000e+00 0.000000e+00 0.000000e+00

5
haar_feature 1
2
12 28 21 12 0 -1
12 28 21 4 0 2
haar_y3_4
-3.105897e-02 2.221160e-02 -6.816200e-01
0.000000e+00 0.000000e+00 0.000000e+00
-1.360581e-01 -2.654644e-01 1.438836e-01

1
haar_feature 1
3
24 6 8 16 0 -1
24 6 4 8 0 2
28 14 4 8 0 2
haar_x2_y2
-2.704139e-02 5.175665e-01 -7.179691e-02
0.000000e+00 0.000000e+00 0.000000e+00
0.000000e+00 0.000000e+00 0.000000e+00

6
var_feature 2
1
2 0 7 9
one_rect_var
0.000000e+00 0.000000e+00 0.000000e+00
1.361761e+02 2.923440e-01 -2.257772e-01
7.661134e+02 8.169305e-02 -2.825935e-01

2
hog_feature 3
28
14 22 20 10
4_cells_hog
0.000000e+00 0.000000e+00 0.000000e+00
7.158984e+01 -4.406614e-01 1.722802e-01
0.000000e+00 0.000000e+00 0.000000e+00

5
hog_feature 3
35
6 2 6 12
4_cells_hog
5.099007e+00 2.089950e-01 -9.966304e-02
0.000000e+00 0.000000e+00 0.000000e+00
6.199657e+01 -2.076737e-01 1.910394e-01

3
hog_feature 3
30
26 6 12 24
4_cells_hog
8.331439e+01 1.454175e-01 -1.755147e-01
1.381097e+02 1.289543e-01 -3.887499e-01
0.000000e+00 0.000000e+00 0.000000e+00

4
hog_feature 3
22
20 22 6 12
4_cells_hog
0.000000e+00 0.000000e+00 0.000000e+00
0.000000e+00 0.000000e+00 0.000000e+00
1.300012e+01 1.504191e-01 -2.581157e-01

1
hog_feature 3
10
0 20 14 14
4_cells_hog
1.625519e+02 -1.864973e-01 2.198692e-01
0.000000e+00 0.000000e+00 0.000000e+00
0.000000e+00 0.000000e+00 0.000000e+00

6
haar_feature 1
2
12 10 8 9 0 -1
12 16 8 3 0 3
haar_y3_2
0.000000e+00 0.000000e+00 0.000000e+00
-4.313971e-03 1.471477e-01 -3.864689e-01
-7.450364e-03 -4.115525e-01 5.648750e-02

7
hog_feature 3
3
18 2 18 36
4_cells_hog
5.649233e+02 6.632195e-02 -4.707198e-01
1.563806e+02 -5.794621e-01 7.596885e-02
4.995759e+01 -5.177174e-01 3.424279e-02

3
hog_feature 3
20
6 22 20 10
4_cells_hog
2.285837e+02 6.007354e-02 -4.979897e-01
1.569802e+02 6.435687e-02 -5.678431e-01
0.000000e+00 0.000000e+00 0.000000e+00

4
hog_feature 3
13
10 12 6 6
4_cells_hog
0.000000e+00 0.000000e+00 0.000000e+00
0.000000e+00 0.000000e+00 0.000000e+00
9.155273e-05 1.362813e-01 -2.982112e-01

3
hog_feature 3
13
16 0 16 16
4_cells_hog
2.302494e+01 -3.435262e-01 9.073038e-02
3.433229e+01 -4.628200e-01 8.969314e-02
0.000000e+00 0.000000e+00 0.000000e+00

4
hog_feature 3
33
10 24 28 14
4_cells_hog
0.000000e+00 0.000000e+00 0.000000e+00
0.000000e+00 0.000000e+00 0.000000e+00
5.485138e+01 -2.823197e-01 1.524351e-01

2
haar_feature 1
2
14 26 4 9 0 -1
14 29 4 3 0 3
haar_y3_0
0.000000e+00 0.000000e+00 0.000000e+00
7.067709e-05 -4.253953e-01 1.594721e-01
0.000000e+00 0.000000e+00 0.000000e+00

5
haar_feature 1
3
24 14 6 10 0 -1
24 14 3 5 0 2
27 19 3 5 0 2
haar_x2_y2
5.009876e-03 -8.514928e-02 2.271210e-01
0.000000e+00 0.000000e+00 0.000000e+00
3.791445e-03 -1.255250e-01 2.814840e-01

3
haar_feature 1
2
16 8 10 24 0 -1
16 24 10 8 0 3
haar_y3_2
-1.351557e-01 -7.730494e-01 3.348377e-02
1.419880e-01 5.618745e-02 -7.742031e-01
0.000000e+00 0.000000e+00 0.000000e+00

4
hog_feature 3
0
12 26 10 10
4_cells_hog
0.000000e+00 0.000000e+00 0.000000e+00
0.000000e+00 0.000000e+00 0.000000e+00
2.410474e+01 2.148110e-01 -2.046203e-01

3
hog_feature 3
8
16 4 14 28
4_cells_hog
1.065145e+03 -9.992950e-02 1.922186e-01
1.068051e+02 -4.271836e-01 1.262825e-01
0.000000e+00 0.000000e+00 0.000000e+00

4
hog_feature 3
20
2 26 24 12
4_cells_hog
0.000000e+00 0.000000e+00 0.000000e+00
0.000000e+00 0.000000e+00 0.000000e+00
4.434055e+02 -9.205686e-02 4.473987e-01

3
hog_feature 3
23
16 28 8 8
4_cells_hog
3.268652e+01 9.210395e-02 -2.668831e-01
3.050299e+01 1.226638e-01 -4.801119e-01
0.000000e+00 0.000000e+00 0.000000e+00

4
hog_feature 3
1
14 32 12 6
4_cells_hog
0.000000e+00 0.000000e+00 0.000000e+00
0.000000e+00 0.000000e+00 0.000000e+00
6.773157e+01 8.257996e-02 -5.553973e-01

1
haar_feature 1
2
10 34 25 6 0 -1
10 37 25 3 0 2
haar_y2
-5.127163e-03 2.103748e-01 -1.954083e-01
0.000000e+00 0.000000e+00 0.000000e+00
0.000000e+00 0.000000e+00 0.000000e+00

6
hog_feature 3
18
8 0 14 28
4_cells_hog
0.000000e+00 0.000000e+00 0.000000e+00
2.020910e+02 2.061816e-01 -2.257107e-01
1.367998e+03 -8.163626e-02 3.555264e-01

7
var_feature 2
1
16 32 18 8
one_rect_var
5.632373e+01 -8.617831e-01 2.385380e-02
1.026982e+02 -6.158251e-01 7.273215e-02
3.825687e+01 -9.271868e-01 2.633869e-02

3
hog_feature 3
35
2 12 26 26
4_cells_hog
1.739070e+03 2.665908e-02 -7.312372e-01
4.630791e+02 8.800077e-02 -5.125554e-01
0.000000e+00 0.000000e+00 0.000000e+00

4
hog_feature 3
20
14 6 10 20
4_cells_hog
0.000000e+00 0.000000e+00 0.000000e+00
0.000000e+00 0.000000e+00 0.000000e+00
9.219589e+00 -5.401405e-01 6.903531e-02

5
hog_feature 3
29
26 24 12 6
4_cells_hog
4.242493e+00 1.421999e-01 -1.122061e-01
0.000000e+00 0.000000e+00 0.000000e+00
3.605103e+00 2.632898e-01 -1.591739e-01

5
hog_feature 3
22
22 26 10 10
4_cells_hog
2.704279e+01 1.173401e-01 -1.746942e-01
0.000000e+00 0.000000e+00 0.000000e+00
1.454393e+02 6.413547e-02 -5.644681e-01

5
haar_feature 1
2
0 0 32 26 0 -1
0 13 32 13 0 2
haar_y2
1.279432e-01 -8.349111e-02 2.223744e-01
0.000000e+00 0.000000e+00 0.000000e+00
-1.546988e-01 5.520904e-01 -6.591319e-02

5
hog_feature 3
31
8 4 18 18
4_cells_hog
4.636324e+02 5.297517e-02 -5.644353e-01
0.000000e+00 0.000000e+00 0.000000e+00
5.186272e+02 3.145774e-02 -9.095340e-01

5
hog_feature 3
7
6 14 10 20
4_cells_hog
3.145198e+01 1.877465e-01 -1.303949e-01
0.000000e+00 0.000000e+00 0.000000e+00
6.842964e+02 -6.360987e-02 4.702341e-01

5
hog_feature 3
21
12 8 18 18
4_cells_hog
1.646503e+02 -1.614044e-01 1.240133e-01
0.000000e+00 0.000000e+00 0.000000e+00
2.672796e+02 -6.321783e-02 4.831530e-01

5
hog_feature 3
32
14 0 14 14
4_cells_hog
2.866934e+01 1.280397e-01 -1.644578e-01
0.000000e+00 0.000000e+00 0.000000e+00
1.871968e+01 2.074938e-01 -1.577489e-01

5
hog_feature 3
25
10 20 18 18
4_cells_hog
5.821255e+02 -9.070723e-02 2.693433e-01
0.000000e+00 0.000000e+00 0.000000e+00
1.548309e+01 -5.153536e-01 4.715449e-02

5
var_feature 2
1
14 10 7 24
one_rect_var
4.600039e+02 2.674094e-01 -6.928756e-02
0.000000e+00 0.000000e+00 0.000000e+00
7.295898e+01 3.678976e-01 -1.108320e-01

5
hog_feature 3
25
14 12 6 6
4_cells_hog
2.417728e+02 -2.271816e-02 3.238510e-01
0.000000e+00 0.000000e+00 0.000000e+00
8.062258e+00 -2.170900e-01 2.182946e-01

5
hog_feature 3
29
6 28 20 10
4_cells_hog
7.848190e+00 2.253442e-01 -3.953647e-02
0.000000e+00 0.000000e+00 0.000000e+00
3.907227e+01 -4.290616e-01 1.131218e-01

5
haar_feature 1
2
16 10 6 18 0 -1
16 22 6 6 0 2
haar_y3_5
-2.044348e-02 3.923814e-02 -7.899984e-01
0.000000e+00 0.000000e+00 0.000000e+00
-1.310468e-01 -7.516725e-01 2.017464e-02

5
hog_feature 3
32
6 12 18 18
4_cells_hog
2.555618e+02 -1.588492e-01 1.725059e-01
0.000000e+00 0.000000e+00 0.000000e+00
2.226104e+02 2.293566e-02 -7.748510e-01

5
hog_feature 3
25
10 30 4 8
4_cells_hog
8.072327e+00 9.738936e-02 -1.593467e-01
0.000000e+00 0.000000e+00 0.000000e+00
9.472122e+00 1.251050e-01 -2.788359e-01

5
hog_feature 3
10
14 2 18 18
4_cells_hog
1.943181e+02 -2.103196e-01 1.644384e-01
0.000000e+00 0.000000e+00 0.000000e+00
6.708221e+00 4.974210e-01 -2.371173e-02

5
hog_feature 3
1
16 6 8 16
4_cells_hog
6.250475e+01 1.243490e-01 -2.115647e-01
0.000000e+00 0.000000e+00 0.000000e+00
5.423831e+02 -4.540224e-02 5.216529e-01

5
var_feature 2
1
4 8 13 7
one_rect_var
3.438672e+01 -5.700540e-01 4.736993e-02
0.000000e+00 0.000000e+00 0.000000e+00
2.621350e+03 5.809454e-02 -4.274906e-01

5
hog_feature 3
5
0 16 22 22
4_cells_hog
4.196254e+02 7.061701e-02 -4.521781e-01
0.000000e+00 0.000000e+00 0.000000e+00
5.476365e+02 -4.694831e-02 4.081114e-01

5
hog_feature 3
29
6 22 12 12
4_cells_hog
1.934122e+02 3.821510e-02 -4.605658e-01
0.000000e+00 0.000000e+00 0.000000e+00
2.121321e+01 1.540476e-01 -2.199974e-01

5
haar_feature 1
2
20 18 3 9 0 -1
20 21 3 3 0 3
haar_y3_0
-5.695224e-04 1.476229e-01 -1.135112e-01
0.000000e+00 0.000000e+00 0.000000e+00
-2.489355e-04 1.963685e-01 -1.848166e-01

1
haar_feature 1
2
28 32 12 8 0 -1
32 32 4 8 0 2
haar_x3_3
-4.890297e-02 -2.142510e-01 1.883584e-01
0.000000e+00 0.000000e+00 0.000000e+00
0.000000e+00 0.000000e+00 0.000000e+00

1
hog_feature 3
27
20 12 10 20
4_cells_hog
2.033304e+01 -6.649713e-01 5.973987e-02
0.000000e+00 0.000000e+00 0.000000e+00
0.000000e+00 0.000000e+00 0.000000e+00

1
hog_feature 3
0
20 20 8 4
4_cells_hog
4.229282e+01 9.676698e-02 -3.718818e-01
0.000000e+00 0.000000e+00 0.000000e+00
0.000000e+00 0.000000e+00 0.000000e+00

1
hog_feature 3
35
26 10 10 10
4_cells_hog
1.942529e+01 2.228490e-01 -1.525535e-01
0.000000e+00 0.000000e+00 0.000000e+00
0.000000e+00 0.000000e+00 0.000000e+00

1
hog_feature 3
27
0 18 12 12
4_cells_hog
2.984066e+02 -1.011936e-01 3.214501e-01
0.000000e+00 0.000000e+00 0.000000e+00
0.000000e+00 0.000000e+00 0.000000e+00

1
hog_feature 3
35
14 32 12 6
4_cells_hog
2.934644e+01 1.515744e-01 -2.278916e-01
0.000000e+00 0.000000e+00 0.000000e+00
0.000000e+00 0.000000e+00 0.000000e+00

1
hog_feature 3
30
6 6 30 30
4_cells_hog
1.155883e+03 3.835999e-02 -8.737917e-01
0.000000e+00 0.000000e+00 0.000000e+00
0.000000e+00 0.000000e+00 0.000000e+00

1
hog_feature 3
33
0 4 26 26
4_cells_hog
5.571099e+02 -2.116900e-01 1.679603e-01
0.000000e+00 0.000000e+00 0.000000e+00
0.000000e+00 0.000000e+00 0.000000e+00

55
1 2 4 6 9 11 12 14 16 18 20 22 24 25 28 29 31 33 34 36 39 40 42 44 46 48 49 51 52 53 54 55 56 57 58 59 60 61 62 63 64 65 66 67 68 69 70 71 72 73 74 75 76 77 78 
-1.527478e+00
27
0 3 4 6 8 10 13 15 17 18 19 21 23 26 27 29 32 33 34 36 38 40 42 44 47 48 49 
-1.787316e+00
47
1 3 5 7 9 11 13 15 17 18 20 22 24 26 28 30 32 33 35 37 39 41 43 45 47 48 50 51 52 53 54 55 56 57 58 59 60 61 62 63 64 65 66 67 68 69 70 
-1.591963e+00

11
-1
