4
3
var_feature 2
1
0 20 36 20
one_rect_var
2.143945e+02 -1.000000e+00 9.897646e-01
1.980190e+02 -1.000000e+00 9.898063e-01
0.000000e+00 0.000000e+00 0.000000e+00

4
haar_feature 1
2
6 8 16 12 0 -1
6 12 16 4 0 3
haar_y3_0
0.000000e+00 0.000000e+00 0.000000e+00
0.000000e+00 0.000000e+00 0.000000e+00
3.028816e-02 9.917780e-01 -1.000000e+00

2
haar_feature 1
2
6 14 8 12 0 -1
10 14 4 12 0 2
haar_x2
0.000000e+00 0.000000e+00 0.000000e+00
-6.086056e-02 -9.119712e-01 9.648364e-01
0.000000e+00 0.000000e+00 0.000000e+00

5
haar_feature 1
2
0 20 24 9 0 -1
0 26 24 3 0 3
haar_y3_2
9.229206e-02 9.523512e-01 -8.785393e-01
0.000000e+00 0.000000e+00 0.000000e+00
-8.866998e-02 -8.789999e-01 9.644596e-01

2
0 3 
1.942116e+00
2
0 2 
1.954643e+00
2
1 3 
1.956238e+00

22
-1
