29
2
haar_feature 1
3
12 20 20 14 0 -1
12 20 10 7 0 2
22 27 10 7 0 2
haar_x2_y2
0.000000e+00 0.000000e+00 0.000000e+00
-4.318572e-02 4.987952e-01 -6.524954e-01
0.000000e+00 0.000000e+00 0.000000e+00

5
haar_feature 1
2
0 16 36 18 0 -1
12 16 12 18 0 3
haar_x3_0
1.191464e-01 -5.718015e-01 8.989806e-02
0.000000e+00 0.000000e+00 0.000000e+00
3.018518e-01 -5.333603e-01 6.216216e-01

2
hog_feature 3
26
20 16 16 16
4_cells_hog
0.000000e+00 0.000000e+00 0.000000e+00
7.722070e+01 3.017362e-01 -7.127734e-01
0.000000e+00 0.000000e+00 0.000000e+00

5
hog_feature 3
9
14 10 14 14
4_cells_hog
2.899131e+02 -3.700585e-01 3.026964e-01
0.000000e+00 0.000000e+00 0.000000e+00
1.845577e+02 -4.330402e-01 3.121151e-01

2
haar_feature 1
2
8 16 15 5 0 -1
18 16 5 5 0 3
haar_x3_2
0.000000e+00 0.000000e+00 0.000000e+00
-2.299468e-03 3.141557e-01 -6.184091e-01
0.000000e+00 0.000000e+00 0.000000e+00

5
hog_feature 3
5
16 6 20 20
4_cells_hog
1.647629e+02 2.323951e-01 -4.350627e-01
0.000000e+00 0.000000e+00 0.000000e+00
1.250824e+02 2.587364e-01 -5.024108e-01

1
hog_feature 3
6
14 18 20 20
4_cells_hog
2.641561e+02 -4.142508e-01 3.205232e-01
0.000000e+00 0.000000e+00 0.000000e+00
0.000000e+00 0.000000e+00 0.000000e+00

6
hog_feature 3
28
16 0 18 36
4_cells_hog
0.000000e+00 0.000000e+00 0.000000e+00
4.792705e+02 -4.104129e-01 3.840326e-01
3.087079e+02 -5.914991e-01 1.745771e-01

2
hog_feature 3
21
6 10 10 20
4_cells_hog
0.000000e+00 0.000000e+00 0.000000e+00
6.573210e+01 3.407690e-01 -6.822753e-01
0.000000e+00 0.000000e+00 0.000000e+00

5
hog_feature 3
27
6 2 18 36
4_cells_hog
6.317523e+02 1.888204e-01 -4.582608e-01
0.000000e+00 0.000000e+00 0.000000e+00
4.245896e+02 2.880041e-01 -4.742959e-01

2
hog_feature 3
25
6 10 16 16
4_cells_hog
0.000000e+00 0.000000e+00 0.000000e+00
1.209232e+02 -6.567621e-01 3.014683e-01
0.000000e+00 0.000000e+00 0.000000e+00

5
hog_feature 3
35
2 18 12 12
4_cells_hog
2.457925e+02 -1.817329e-01 4.242009e-01
0.000000e+00 0.000000e+00 0.000000e+00
2.096056e+02 -3.343877e-01 4.872184e-01

3
hog_feature 3
5
0 10 14 28
4_cells_hog
1.659623e+02 2.727656e-01 -3.116133e-01
1.662784e+02 3.457081e-01 -5.707663e-01
0.000000e+00 0.000000e+00 0.000000e+00

4
hog_feature 3
14
2 24 28 14
4_cells_hog
0.000000e+00 0.000000e+00 0.000000e+00
0.000000e+00 0.000000e+00 0.000000e+00
1.874453e+02 1.953253e-01 -6.992965e-01

1
haar_feature 1
2
8 28 32 12 0 -1
8 32 32 4 0 2
haar_y3_3
-2.213734e-01 -4.341016e-01 2.241127e-01
0.000000e+00 0.000000e+00 0.000000e+00
0.000000e+00 0.000000e+00 0.000000e+00

6
haar_feature 1
2
14 0 14 9 0 -1
14 0 14 3 0 3
haar_y3_1
0.000000e+00 0.000000e+00 0.000000e+00
-2.798152e-02 6.203838e-01 -2.798541e-01
-1.870735e-02 4.800144e-01 -2.546186e-01

2
hog_feature 3
20
16 8 18 18
4_cells_hog
0.000000e+00 0.000000e+00 0.000000e+00
1.100365e+02 -7.083540e-01 2.659047e-01
0.000000e+00 0.000000e+00 0.000000e+00

5
haar_feature 1
2
16 10 7 18 0 -1
16 22 7 6 0 2
haar_y3_5
-2.677080e-02 7.731441e-02 -8.540995e-01
0.000000e+00 0.000000e+00 0.000000e+00
-1.029394e-01 -5.823995e-01 2.238065e-01

2
hog_feature 3
18
12 6 16 32
4_cells_hog
0.000000e+00 0.000000e+00 0.000000e+00
2.345996e+02 3.496020e-01 -5.879285e-01
0.000000e+00 0.000000e+00 0.000000e+00

5
var_feature 2
1
16 14 11 22
one_rect_var
1.668959e+03 1.536089e-01 -5.265937e-01
0.000000e+00 0.000000e+00 0.000000e+00
1.670005e+03 1.097333e-01 -5.598687e-01

1
hog_feature 3
28
14 2 18 18
4_cells_hog
8.571306e+02 -1.577842e-01 7.013405e-01
0.000000e+00 0.000000e+00 0.000000e+00
0.000000e+00 0.000000e+00 0.000000e+00

6
haar_feature 1
2
18 22 21 11 0 -1
32 22 7 11 0 3
haar_x3_2
0.000000e+00 0.000000e+00 0.000000e+00
-6.874728e-02 5.037439e-01 -2.300670e-01
-4.159099e-02 3.449920e-01 -2.996564e-01

5
hog_feature 3
7
14 2 20 10
4_cells_hog
2.792567e+02 -1.563514e-01 4.446335e-01
0.000000e+00 0.000000e+00 0.000000e+00
5.992227e+01 -4.733450e-01 2.154065e-01

5
hog_feature 3
30
24 16 10 20
4_cells_hog
1.033589e+02 2.319266e-01 -4.073480e-01
0.000000e+00 0.000000e+00 0.000000e+00
5.587787e+01 2.321487e-01 -2.432670e-01

5
hog_feature 3
10
16 6 12 24
4_cells_hog
7.637384e+01 -3.230098e-01 9.968212e-02
0.000000e+00 0.000000e+00 0.000000e+00
6.502380e+02 -1.628466e-01 7.351923e-01

5
hog_feature 3
12
2 4 22 22
4_cells_hog
1.824858e+02 2.521534e-01 -3.913363e-01
0.000000e+00 0.000000e+00 0.000000e+00
3.358732e+02 1.518364e-01 -5.551936e-01

1
hog_feature 3
28
6 6 10 20
4_cells_hog
7.249070e+01 -4.731757e-01 2.275127e-01
0.000000e+00 0.000000e+00 0.000000e+00
0.000000e+00 0.000000e+00 0.000000e+00

1
hog_feature 3
18
0 2 10 20
4_cells_hog
4.042903e+01 3.494825e-01 -2.857332e-01
0.000000e+00 0.000000e+00 0.000000e+00
0.000000e+00 0.000000e+00 0.000000e+00

1
haar_feature 1
2
12 0 26 24 0 -1
12 16 26 8 0 2
haar_y3_5
-3.341112e-01 -3.243162e-01 3.220810e-01
0.000000e+00 0.000000e+00 0.000000e+00
0.000000e+00 0.000000e+00 0.000000e+00

18
1 3 5 6 9 11 12 14 17 19 20 22 23 24 25 26 27 28 
-1.725390e+00
11
0 2 4 7 8 10 12 15 16 18 21 
-2.225569e+00
15
1 3 5 7 9 11 13 15 17 19 21 22 23 24 25 
-1.838763e+00

2
-1
