7
3
hog_feature 3
28
18 0 16 32
4_cells_hog
8.010098e+02 -8.453608e-01 5.841584e-01
7.982412e+02 -8.402062e-01 5.742574e-01
0.000000e+00 0.000000e+00 0.000000e+00

4
hog_feature 3
8
16 6 14 14
4_cells_hog
0.000000e+00 0.000000e+00 0.000000e+00
0.000000e+00 0.000000e+00 0.000000e+00
4.124696e+02 -7.793765e-01 6.647399e-01

1
haar_feature 1
3
10 12 22 10 0 -1
10 12 11 5 0 2
21 17 11 5 0 2
haar_x2_y2
1.106399e-02 -8.151731e-01 5.393030e-01
0.000000e+00 0.000000e+00 0.000000e+00
0.000000e+00 0.000000e+00 0.000000e+00

6
hog_feature 3
25
6 10 14 28
4_cells_hog
0.000000e+00 0.000000e+00 0.000000e+00
4.088812e+02 -7.853389e-01 5.436615e-01
4.207388e+02 -7.609436e-01 5.669208e-01

3
haar_feature 1
3
12 20 22 16 0 -1
12 20 11 8 0 2
23 28 11 8 0 2
haar_x2_y2
-5.262959e-02 7.949667e-01 -4.492378e-01
-3.836720e-02 6.702769e-01 -6.341109e-01
0.000000e+00 0.000000e+00 0.000000e+00

4
hog_feature 3
20
24 2 14 28
4_cells_hog
0.000000e+00 0.000000e+00 0.000000e+00
0.000000e+00 0.000000e+00 0.000000e+00
5.664980e+02 -8.064311e-01 6.685376e-01

1
hog_feature 3
9
22 8 14 28
4_cells_hog
6.276018e+02 -7.677730e-01 7.160890e-01
0.000000e+00 0.000000e+00 0.000000e+00
0.000000e+00 0.000000e+00 0.000000e+00

4
0 2 4 6 
-1.448025e+00
3
0 3 4 
-9.552681e-01
3
1 3 5 
-1.018887e+00

-1
-1
