5
3
var_feature 2
1
12 2 22 37
one_rect_var
1.667108e+02 -1.000000e+00 9.917949e-01
3.225957e+02 -5.000000e-01 9.938588e-01
0.000000e+00 0.000000e+00 0.000000e+00

4
haar_feature 1
2
8 8 13 12 0 -1
8 12 13 4 0 3
haar_y3_0
0.000000e+00 0.000000e+00 0.000000e+00
0.000000e+00 0.000000e+00 0.000000e+00
2.740583e-02 9.938208e-01 -1.000000e+00

1
haar_feature 1
3
6 4 22 8 0 -1
6 4 11 4 0 2
17 8 11 4 0 2
haar_x2_y2
-2.782461e-02 -5.684441e-01 9.938393e-01
0.000000e+00 0.000000e+00 0.000000e+00
0.000000e+00 0.000000e+00 0.000000e+00

2
hog_feature 3
18
6 4 32 16
4_cells_hog
0.000000e+00 0.000000e+00 0.000000e+00
3.868604e+01 -1.000000e+00 9.786131e-01
0.000000e+00 0.000000e+00 0.000000e+00

1
hog_feature 3
35
2 8 14 28
4_cells_hog
3.435275e+01 -8.967027e-01 9.426694e-01
0.000000e+00 0.000000e+00 0.000000e+00
0.000000e+00 0.000000e+00 0.000000e+00

3
0 2 4 
1.088931e+00
2
0 3 
1.972472e+00
1
1 
9.938208e-01

23
-1
