13
3
var_feature 2
1
10 4 4 19
one_rect_var
1.701405e+03 -6.458853e-01 2.592593e-01
1.095914e+03 -7.310345e-01 6.666667e-03
0.000000e+00 0.000000e+00 0.000000e+00

4
hog_feature 3
7
4 0 18 36
4_cells_hog
0.000000e+00 0.000000e+00 0.000000e+00
0.000000e+00 0.000000e+00 0.000000e+00
1.841423e+02 3.623188e-01 -5.752212e-01

1
haar_feature 1
2
8 30 4 8 0 -1
8 34 4 4 0 2
haar_y2
-2.781976e-03 3.495350e-01 -6.439926e-01
0.000000e+00 0.000000e+00 0.000000e+00
0.000000e+00 0.000000e+00 0.000000e+00

6
hog_feature 3
34
0 16 14 14
4_cells_hog
0.000000e+00 0.000000e+00 0.000000e+00
2.464304e+02 -6.337585e-01 2.075283e-01
1.374862e+02 -6.314579e-01 2.049986e-01

3
var_feature 2
1
10 14 8 26
one_rect_var
1.401010e+03 3.009493e-01 -7.672815e-01
2.159265e+03 1.234947e-01 -9.057656e-01
0.000000e+00 0.000000e+00 0.000000e+00

4
hog_feature 3
20
6 12 10 10
4_cells_hog
0.000000e+00 0.000000e+00 0.000000e+00
0.000000e+00 0.000000e+00 0.000000e+00
2.159492e+01 -8.777274e-01 2.122665e-01

2
hog_feature 3
8
2 6 32 32
4_cells_hog
0.000000e+00 0.000000e+00 0.000000e+00
1.059801e+03 -8.553571e-01 2.092666e-01
0.000000e+00 0.000000e+00 0.000000e+00

5
hog_feature 3
18
10 24 24 12
4_cells_hog
1.970837e+02 1.409414e-01 -7.872638e-01
0.000000e+00 0.000000e+00 0.000000e+00
2.723176e+02 2.417901e-01 -6.587335e-01

3
hog_feature 3
29
2 20 28 14
4_cells_hog
2.641992e+02 -8.057672e-01 2.651840e-01
1.832117e+02 -7.873438e-01 1.541845e-01
0.000000e+00 0.000000e+00 0.000000e+00

4
hog_feature 3
15
10 4 20 10
4_cells_hog
0.000000e+00 0.000000e+00 0.000000e+00
0.000000e+00 0.000000e+00 0.000000e+00
5.015205e+01 4.404259e-01 -4.439787e-01

3
hog_feature 3
30
0 12 10 20
4_cells_hog
7.366580e+01 2.712024e-01 -6.454003e-01
6.942932e+01 2.775833e-01 -5.024923e-01
0.000000e+00 0.000000e+00 0.000000e+00

4
var_feature 2
1
8 12 8 8
one_rect_var
0.000000e+00 0.000000e+00 0.000000e+00
0.000000e+00 0.000000e+00 0.000000e+00
1.713207e+03 -4.600240e-01 4.872701e-01

1
hog_feature 3
6
8 20 8 16
4_cells_hog
9.446361e+01 -6.331024e-01 3.886263e-01
0.000000e+00 0.000000e+00 0.000000e+00
0.000000e+00 0.000000e+00 0.000000e+00

7
0 2 4 7 8 10 12 
-1.042467e+00
6
0 3 4 6 8 10 
-1.380340e+00
6
1 3 5 7 9 11 
-1.025758e+00

8
-1
