20
2
haar_feature 1
3
14 20 18 12 0 -1
14 20 9 6 0 2
23 26 9 6 0 2
haar_x2_y2
0.000000e+00 0.000000e+00 0.000000e+00
-2.935654e-02 5.553021e-01 -7.070851e-01
0.000000e+00 0.000000e+00 0.000000e+00

5
hog_feature 3
9
2 4 28 28
4_cells_hog
1.102121e+03 -6.804532e-01 1.654321e-01
0.000000e+00 0.000000e+00 0.000000e+00
7.143489e+02 -7.083061e-01 5.720193e-02

1
hog_feature 3
33
8 0 16 32
4_cells_hog
2.610558e+02 -6.322990e-01 2.522505e-01
0.000000e+00 0.000000e+00 0.000000e+00
0.000000e+00 0.000000e+00 0.000000e+00

6
hog_feature 3
20
22 24 14 14
4_cells_hog
0.000000e+00 0.000000e+00 0.000000e+00
1.518116e+02 -4.258330e-01 4.267434e-01
1.274490e+02 -5.450097e-01 4.930867e-01

2
hog_feature 3
20
6 0 24 12
4_cells_hog
0.000000e+00 0.000000e+00 0.000000e+00
8.715415e+01 -6.743046e-01 3.437758e-01
0.000000e+00 0.000000e+00 0.000000e+00

5
haar_feature 1
2
0 16 39 16 0 -1
13 16 13 16 0 3
haar_x3_0
2.472329e-01 -2.098408e-01 6.498403e-01
0.000000e+00 0.000000e+00 0.000000e+00
2.767302e-01 -2.463652e-01 7.373865e-01

3
hog_feature 3
13
2 6 32 32
4_cells_hog
8.170963e+02 2.746741e-01 -5.737535e-01
1.433820e+03 1.772291e-01 -8.436569e-01
0.000000e+00 0.000000e+00 0.000000e+00

4
var_feature 2
1
8 14 5 4
one_rect_var
0.000000e+00 0.000000e+00 0.000000e+00
0.000000e+00 0.000000e+00 0.000000e+00
3.895764e+01 -7.188721e-01 3.006963e-01

1
hog_feature 3
16
6 2 16 32
4_cells_hog
6.437794e+02 -3.080855e-01 5.293938e-01
0.000000e+00 0.000000e+00 0.000000e+00
0.000000e+00 0.000000e+00 0.000000e+00

6
hog_feature 3
26
18 16 20 20
4_cells_hog
0.000000e+00 0.000000e+00 0.000000e+00
2.465034e+02 1.993978e-01 -7.209500e-01
3.003400e+02 2.477495e-01 -6.381671e-01

2
hog_feature 3
29
14 6 10 20
4_cells_hog
0.000000e+00 0.000000e+00 0.000000e+00
9.422180e+01 -6.710707e-01 3.528920e-01
0.000000e+00 0.000000e+00 0.000000e+00

5
hog_feature 3
28
14 2 18 18
4_cells_hog
5.221802e+02 -2.227743e-01 5.558904e-01
0.000000e+00 0.000000e+00 0.000000e+00
3.796730e+01 -7.833568e-01 9.298942e-02

2
hog_feature 3
25
6 12 20 10
4_cells_hog
0.000000e+00 0.000000e+00 0.000000e+00
7.164328e+01 -7.137081e-01 2.885697e-01
0.000000e+00 0.000000e+00 0.000000e+00

5
hog_feature 3
4
10 10 28 28
4_cells_hog
8.266508e+01 -8.507592e-01 1.127298e-01
0.000000e+00 0.000000e+00 0.000000e+00
4.789764e+02 1.822923e-01 -7.387062e-01

1
var_feature 2
1
16 22 11 11
one_rect_var
1.456548e+03 1.940923e-01 -7.440352e-01
0.000000e+00 0.000000e+00 0.000000e+00
0.000000e+00 0.000000e+00 0.000000e+00

6
haar_feature 1
2
16 12 5 9 0 -1
16 18 5 3 0 3
haar_y3_2
0.000000e+00 0.000000e+00 0.000000e+00
-1.589612e-03 2.524326e-01 -5.971979e-01
6.977103e-04 -4.082669e-01 2.851264e-01

5
haar_feature 1
2
22 4 18 33 0 -1
22 15 18 11 0 2
haar_y3_3
-3.590697e-01 -4.223233e-01 1.889430e-01
0.000000e+00 0.000000e+00 0.000000e+00
-5.057846e-01 -6.654626e-01 1.687392e-01

5
hog_feature 3
22
10 8 26 26
4_cells_hog
9.753475e+02 1.011754e-01 -7.681869e-01
0.000000e+00 0.000000e+00 0.000000e+00
2.920187e+02 1.558030e-01 -5.636692e-01

5
hog_feature 3
4
18 16 18 18
4_cells_hog
2.214335e+01 -7.932478e-01 6.274273e-02
0.000000e+00 0.000000e+00 0.000000e+00
1.305881e+01 -8.736277e-01 1.354209e-01

1
hog_feature 3
13
16 6 8 16
4_cells_hog
4.213431e+01 2.170455e-01 -4.841469e-01
0.000000e+00 0.000000e+00 0.000000e+00
0.000000e+00 0.000000e+00 0.000000e+00

12
1 2 5 6 8 11 13 14 16 17 18 19 
-1.656820e+00
8
0 3 4 6 9 10 12 15 
-2.312562e+00
11
1 3 5 7 9 11 13 15 16 17 18 
-1.784634e+00

1
-1
