20
7
hog_feature 3
27
6 18 20 10
4_cells_hog
1.292607e+03 -3.527397e-01 3.750000e-01
3.808139e+01 6.024096e-03 -7.537314e-01
2.014517e+02 -4.666667e-01 6.666667e-02

7
hog_feature 3
10
24 24 16 16
4_cells_hog
3.639712e+02 3.347154e-02 -7.527873e-01
1.285181e+02 6.749763e-02 -6.784997e-01
2.791093e+02 -2.583293e-01 4.274793e-01

7
hog_feature 3
14
9 3 16 32
4_cells_hog
9.658199e+02 -9.373900e-02 1.985197e-01
6.147421e+02 -6.658169e-01 2.830749e-01
2.037061e+02 -4.914337e-01 6.628466e-02

7
hog_feature 3
16
3 6 28 28
4_cells_hog
1.453222e+03 4.801450e-02 -8.223099e-01
5.385802e+02 2.532878e-01 -7.512872e-01
5.035652e+02 1.382947e-01 -3.759184e-01

7
var_feature 2
1
27 24 4 5
one_rect_var
1.403668e+03 1.033838e-01 -7.045671e-01
6.137673e+02 1.050421e-01 -9.402107e-01
2.546432e+03 3.530405e-02 -9.057939e-01

7
haar_feature 1
2
18 9 7 21 0 -1
18 9 7 7 0 2
haar_y3_4
-5.705273e-02 -1.880815e-01 1.505435e-01
-1.055646e-01 -7.783007e-01 1.682765e-01
-9.514503e-02 -5.928180e-01 1.189926e-01

7
haar_feature 1
2
18 12 15 13 0 -1
18 12 5 13 0 3
haar_x3_1
-9.731206e-02 -8.859370e-01 2.605684e-02
-2.067912e-02 2.633451e-01 -6.017748e-01
2.390043e-02 8.735672e-02 -6.356438e-01

5
hog_feature 3
22
3 9 32 16
4_cells_hog
2.171854e+03 -1.858208e-01 3.314735e-01
0.000000e+00 0.000000e+00 0.000000e+00
1.186755e+03 -4.985676e-01 1.872062e-01

5
hog_feature 3
31
24 0 16 32
4_cells_hog
1.072603e+03 6.894951e-02 -5.934551e-01
0.000000e+00 0.000000e+00 0.000000e+00
1.261193e+03 1.534411e-01 -7.930596e-01

5
hog_feature 3
24
18 12 10 10
4_cells_hog
7.227234e+01 -3.718970e-01 2.200659e-01
0.000000e+00 0.000000e+00 0.000000e+00
3.891770e+01 -3.586872e-01 1.946084e-01

5
var_feature 2
1
33 0 6 32
one_rect_var
7.184895e+02 2.840922e-01 -1.041232e-01
0.000000e+00 0.000000e+00 0.000000e+00
2.399443e+03 -3.175860e-01 4.090233e-01

5
hog_feature 3
19
6 12 20 10
4_cells_hog
8.480772e+01 1.785945e-01 -4.495828e-01
0.000000e+00 0.000000e+00 0.000000e+00
6.761761e+01 1.697674e-01 -5.506214e-01

5
hog_feature 3
29
0 15 32 16
4_cells_hog
7.530170e+01 -5.084713e-01 1.153254e-01
0.000000e+00 0.000000e+00 0.000000e+00
2.388173e+02 -6.883186e-01 1.413423e-01

5
var_feature 2
1
15 9 7 13
one_rect_var
2.337504e+03 -2.989033e-01 3.291309e-01
0.000000e+00 0.000000e+00 0.000000e+00
3.201358e+03 7.413056e-02 -6.069009e-01

5
hog_feature 3
33
24 15 16 16
4_cells_hog
3.612988e+01 -6.391919e-01 1.083191e-01
0.000000e+00 0.000000e+00 0.000000e+00
1.874109e+02 1.763494e-01 -4.404599e-01

5
hog_feature 3
31
24 21 10 10
4_cells_hog
3.623560e+01 1.759867e-01 -5.248908e-01
0.000000e+00 0.000000e+00 0.000000e+00
1.163027e+02 1.832933e-01 -2.818364e-01

1
haar_feature 1
2
0 0 3 9 0 -1
0 0 3 3 0 3
haar_y3_1
-2.949160e-04 2.738560e-01 -3.251505e-01
0.000000e+00 0.000000e+00 0.000000e+00
0.000000e+00 0.000000e+00 0.000000e+00

1
hog_feature 3
33
3 0 28 28
4_cells_hog
2.381700e+03 9.348996e-02 -9.470084e-01
0.000000e+00 0.000000e+00 0.000000e+00
0.000000e+00 0.000000e+00 0.000000e+00

1
hog_feature 3
23
3 9 20 10
4_cells_hog
1.064897e+03 -1.281287e-01 8.474912e-01
0.000000e+00 0.000000e+00 0.000000e+00
0.000000e+00 0.000000e+00 0.000000e+00

1
hog_feature 3
34
24 3 16 32
4_cells_hog
5.366932e+02 -3.960753e-01 2.748024e-01
0.000000e+00 0.000000e+00 0.000000e+00
0.000000e+00 0.000000e+00 0.000000e+00

20
0 1 2 3 4 5 6 7 8 9 10 11 12 13 14 15 16 17 18 19 
-1.352119e+00
7
0 1 2 3 4 5 6 
-1.224325e+00
16
0 1 2 3 4 5 6 7 8 9 10 11 12 13 14 15 
-1.324000e+00

12
-1
