108
2
haar_feature 1
2
12 10 8 21 0 -1
12 17 8 7 0 3
haar_y3_0
0.000000e+00 0.000000e+00 0.000000e+00
-7.850400e-02 1.907811e-01 -5.238532e-01
0.000000e+00 0.000000e+00 0.000000e+00

5
haar_feature 1
2
2 2 18 29 0 -1
2 2 6 29 0 3
haar_x3_1
-1.236290e-01 -1.828724e-01 -4.291987e-01
0.000000e+00 0.000000e+00 0.000000e+00
-1.360341e-01 -6.860371e-02 -5.276324e-01

3
haar_feature 1
2
20 14 12 4 0 -1
24 14 4 4 0 3
haar_x3_0
1.928078e-02 -9.320858e-02 3.308187e-01
-3.216008e-03 2.073740e-01 -2.374236e-01
0.000000e+00 0.000000e+00 0.000000e+00

4
hog_feature 3
12
8 16 10 10
4_cells_hog
0.000000e+00 0.000000e+00 0.000000e+00
0.000000e+00 0.000000e+00 0.000000e+00
3.577065e+01 -2.304067e-01 2.357098e-01

1
hog_feature 3
9
6 4 32 16
4_cells_hog
7.214455e+02 -1.876707e-01 1.863985e-01
0.000000e+00 0.000000e+00 0.000000e+00
0.000000e+00 0.000000e+00 0.000000e+00

6
hog_feature 3
26
4 16 16 16
4_cells_hog
0.000000e+00 0.000000e+00 0.000000e+00
7.870283e+02 -1.243894e-01 4.581595e-01
2.454132e+02 -1.844952e-01 1.343155e-01

2
hog_feature 3
18
8 0 14 28
4_cells_hog
0.000000e+00 0.000000e+00 0.000000e+00
2.511300e+02 1.854104e-01 -3.089182e-01
0.000000e+00 0.000000e+00 0.000000e+00

5
hog_feature 3
35
16 8 10 20
4_cells_hog
1.031868e+02 1.463208e-01 -1.113983e-01
0.000000e+00 0.000000e+00 0.000000e+00
8.008032e+01 -2.242423e-01 1.258982e-01

3
hog_feature 3
35
12 4 12 6
4_cells_hog
4.279795e+02 -4.245088e-02 3.058919e-01
2.329932e+01 -2.407300e-01 1.944941e-01
0.000000e+00 0.000000e+00 0.000000e+00

4
hog_feature 3
26
22 24 10 10
4_cells_hog
0.000000e+00 0.000000e+00 0.000000e+00
0.000000e+00 0.000000e+00 0.000000e+00
1.246350e+01 1.891149e-01 -2.044769e-01

3
haar_feature 1
2
10 4 24 14 0 -1
18 4 8 14 0 3
haar_x3_0
1.467325e-01 4.781558e-02 -5.402245e-01
-7.308811e-02 -4.277283e-01 7.470353e-02
0.000000e+00 0.000000e+00 0.000000e+00

4
hog_feature 3
35
10 14 8 4
4_cells_hog
0.000000e+00 0.000000e+00 0.000000e+00
0.000000e+00 0.000000e+00 0.000000e+00
4.123138e+00 -2.410802e-01 1.534938e-01

2
hog_feature 3
24
0 10 12 24
4_cells_hog
0.000000e+00 0.000000e+00 0.000000e+00
4.763310e+01 2.163742e-01 -2.293987e-01
0.000000e+00 0.000000e+00 0.000000e+00

5
var_feature 2
1
14 20 5 4
one_rect_var
3.948672e+02 -1.259246e-01 9.437060e-02
0.000000e+00 0.000000e+00 0.000000e+00
1.756641e+01 2.065195e-01 -1.696985e-01

3
var_feature 2
1
18 18 10 6
one_rect_var
1.873652e+02 2.330841e-01 -5.252247e-02
1.262864e+03 -1.419292e-01 3.144202e-01
0.000000e+00 0.000000e+00 0.000000e+00

4
haar_feature 1
2
16 22 3 8 0 -1
16 26 3 4 0 2
haar_y2
0.000000e+00 0.000000e+00 0.000000e+00
0.000000e+00 0.000000e+00 0.000000e+00
1.498120e-04 -2.002380e-01 1.955434e-01

2
var_feature 2
1
12 14 18 4
one_rect_var
0.000000e+00 0.000000e+00 0.000000e+00
9.305120e+02 1.280029e-01 -4.239763e-01
0.000000e+00 0.000000e+00 0.000000e+00

5
hog_feature 3
8
4 0 8 16
4_cells_hog
1.237557e+01 2.236520e-01 -1.083785e-01
0.000000e+00 0.000000e+00 0.000000e+00
5.099007e+00 2.714023e-01 -7.192939e-02

2
hog_feature 3
2
6 8 8 16
4_cells_hog
0.000000e+00 0.000000e+00 0.000000e+00
1.393278e+02 -1.856202e-01 2.505940e-01
0.000000e+00 0.000000e+00 0.000000e+00

5
hog_feature 3
1
22 8 10 20
4_cells_hog
5.414257e+02 -8.348580e-02 2.704134e-01
0.000000e+00 0.000000e+00 0.000000e+00
6.191389e+02 -5.890765e-02 3.836581e-01

1
hog_feature 3
5
18 22 6 12
4_cells_hog
1.341643e+01 -3.135189e-01 9.457001e-02
0.000000e+00 0.000000e+00 0.000000e+00
0.000000e+00 0.000000e+00 0.000000e+00

6
var_feature 2
1
16 34 12 5
one_rect_var
0.000000e+00 0.000000e+00 0.000000e+00
1.364404e+01 -8.307356e-01 4.211999e-02
4.705975e+01 -5.444118e-01 5.029075e-02

2
hog_feature 3
0
12 14 14 14
4_cells_hog
0.000000e+00 0.000000e+00 0.000000e+00
2.861789e+01 -5.221072e-01 7.580142e-02
0.000000e+00 0.000000e+00 0.000000e+00

5
var_feature 2
1
18 18 5 5
one_rect_var
1.080959e+03 3.518423e-02 -2.447799e-01
0.000000e+00 0.000000e+00 0.000000e+00
5.692749e+01 1.602011e-01 -2.126136e-01

3
hog_feature 3
34
2 12 32 16
4_cells_hog
5.586254e+02 -9.806909e-02 1.689837e-01
2.651776e+02 7.767859e-02 -4.374886e-01
0.000000e+00 0.000000e+00 0.000000e+00

4
hog_feature 3
34
12 14 4 4
4_cells_hog
0.000000e+00 0.000000e+00 0.000000e+00
0.000000e+00 0.000000e+00 0.000000e+00
1.488242e+01 -1.210852e-01 3.581149e-01

2
hog_feature 3
16
20 6 16 32
4_cells_hog
0.000000e+00 0.000000e+00 0.000000e+00
3.731019e+02 -3.054826e-01 2.002635e-01
0.000000e+00 0.000000e+00 0.000000e+00

5
hog_feature 3
27
16 10 16 16
4_cells_hog
1.112131e+01 -8.624332e-01 2.135937e-02
0.000000e+00 0.000000e+00 0.000000e+00
7.143831e+02 -6.915906e-02 2.798662e-01

2
haar_feature 1
2
26 6 5 24 0 -1
26 22 5 8 0 2
haar_y3_5
0.000000e+00 0.000000e+00 0.000000e+00
-3.585359e-02 5.741441e-02 -7.683160e-01
0.000000e+00 0.000000e+00 0.000000e+00

5
hog_feature 3
9
20 0 8 4
4_cells_hog
5.214225e+01 6.693992e-02 -2.399160e-01
0.000000e+00 0.000000e+00 0.000000e+00
1.103269e+02 4.882994e-02 -5.231658e-01

1
hog_feature 3
30
4 2 14 28
4_cells_hog
2.000174e+02 -1.742671e-01 1.491044e-01
0.000000e+00 0.000000e+00 0.000000e+00
0.000000e+00 0.000000e+00 0.000000e+00

6
hog_feature 3
13
6 10 14 14
4_cells_hog
0.000000e+00 0.000000e+00 0.000000e+00
1.569959e+02 8.628426e-02 -2.879223e-01
8.740671e+01 7.332994e-02 -3.830684e-01

1
hog_feature 3
31
12 24 14 14
4_cells_hog
1.136838e+02 9.386003e-02 -2.874425e-01
0.000000e+00 0.000000e+00 0.000000e+00
0.000000e+00 0.000000e+00 0.000000e+00

6
var_feature 2
1
14 6 6 17
one_rect_var
0.000000e+00 0.000000e+00 0.000000e+00
7.730630e+02 -2.526441e-01 1.906135e-01
1.704331e+03 4.053003e-02 -3.369377e-01

2
hog_feature 3
4
6 26 10 10
4_cells_hog
0.000000e+00 0.000000e+00 0.000000e+00
4.611703e+01 9.247018e-02 -5.114183e-01
0.000000e+00 0.000000e+00 0.000000e+00

5
haar_feature 1
2
10 36 27 4 0 -1
28 36 9 4 0 2
haar_x3_5
6.611721e-03 -2.238824e-02 4.334476e-01
0.000000e+00 0.000000e+00 0.000000e+00
-9.890153e-02 -4.364533e-01 8.532929e-02

3
haar_feature 1
2
0 32 38 6 0 -1
0 35 38 3 0 2
haar_y2
-4.219071e-03 1.210657e-01 -1.093351e-01
-9.122901e-03 2.024618e-01 -1.733476e-01
0.000000e+00 0.000000e+00 0.000000e+00

4
haar_feature 1
2
18 14 3 9 0 -1
18 14 3 3 0 3
haar_y3_1
0.000000e+00 0.000000e+00 0.000000e+00
0.000000e+00 0.000000e+00 0.000000e+00
-4.328166e-04 1.407759e-01 -2.538975e-01

7
var_feature 2
1
16 8 6 4
one_rect_var
1.077842e+02 -2.891601e-01 4.225842e-02
3.154663e+01 -7.122454e-01 4.390146e-02
6.030426e+00 -9.025853e-01 1.899956e-02

1
hog_feature 3
5
10 6 24 12
4_cells_hog
5.229198e+01 1.620320e-01 -1.662721e-01
0.000000e+00 0.000000e+00 0.000000e+00
0.000000e+00 0.000000e+00 0.000000e+00

6
haar_feature 1
2
14 18 9 6 0 -1
14 21 9 3 0 2
haar_y2
0.000000e+00 0.000000e+00 0.000000e+00
-5.455804e-03 2.456123e-01 -7.632433e-02
1.137241e-03 1.214150e-01 -2.898296e-01

2
hog_feature 3
25
22 22 6 12
4_cells_hog
0.000000e+00 0.000000e+00 0.000000e+00
7.615906e+00 1.416959e-01 -3.239394e-01
0.000000e+00 0.000000e+00 0.000000e+00

5
hog_feature 3
34
8 2 6 6
4_cells_hog
5.963553e+01 -6.879508e-02 2.150515e-01
0.000000e+00 0.000000e+00 0.000000e+00
4.410752e+01 -9.111340e-02 3.019900e-01

3
haar_feature 1
2
8 16 12 12 0 -1
14 16 6 12 0 2
haar_x2
5.529901e-02 -4.383051e-02 1.941537e-01
-6.054878e-04 1.007340e-01 -4.128935e-01
0.000000e+00 0.000000e+00 0.000000e+00

4
haar_feature 1
2
16 12 9 7 0 -1
16 12 3 7 0 3
haar_x3_1
0.000000e+00 0.000000e+00 0.000000e+00
0.000000e+00 0.000000e+00 0.000000e+00
-1.645546e-02 -6.310329e-01 5.961898e-02

2
haar_feature 1
2
10 10 21 22 0 -1
10 10 7 22 0 3
haar_x3_1
0.000000e+00 0.000000e+00 0.000000e+00
9.074806e-02 8.494706e-02 -5.022918e-01
0.000000e+00 0.000000e+00 0.000000e+00

5
var_feature 2
1
10 10 13 30
one_rect_var
4.387461e+02 3.828979e-01 -5.141470e-02
0.000000e+00 0.000000e+00 0.000000e+00
2.716779e+02 2.686574e-01 -8.537715e-02

3
hog_feature 3
4
10 0 28 14
4_cells_hog
3.314899e+01 -3.451250e-01 6.106436e-02
2.254138e+01 -8.265563e-01 2.644146e-02
0.000000e+00 0.000000e+00 0.000000e+00

4
var_feature 2
1
18 2 5 5
one_rect_var
0.000000e+00 0.000000e+00 0.000000e+00
0.000000e+00 0.000000e+00 0.000000e+00
3.440527e+02 -2.331863e-01 1.809890e-01

3
hog_feature 3
35
20 4 16 16
4_cells_hog
1.433741e+02 1.133301e-01 -1.137755e-01
7.611938e+01 -5.939915e-01 5.181815e-02
0.000000e+00 0.000000e+00 0.000000e+00

4
hog_feature 3
29
26 20 12 12
4_cells_hog
0.000000e+00 0.000000e+00 0.000000e+00
0.000000e+00 0.000000e+00 0.000000e+00
1.421695e+01 2.613340e-01 -1.459648e-01

2
hog_feature 3
3
24 26 6 12
4_cells_hog
0.000000e+00 0.000000e+00 0.000000e+00
1.253223e+01 1.966684e-01 -2.133248e-01
0.000000e+00 0.000000e+00 0.000000e+00

5
var_feature 2
1
0 0 39 39
one_rect_var
5.253455e+02 -6.353782e-01 3.595345e-02
0.000000e+00 0.000000e+00 0.000000e+00
3.168856e+03 6.703101e-02 -3.467970e-01

2
var_feature 2
1
20 24 5 4
one_rect_var
0.000000e+00 0.000000e+00 0.000000e+00
1.094873e+01 -6.441112e-01 6.427065e-02
0.000000e+00 0.000000e+00 0.000000e+00

5
hog_feature 3
1
12 2 14 14
4_cells_hog
2.652392e+02 4.042414e-02 -3.338077e-01
0.000000e+00 0.000000e+00 0.000000e+00
6.846655e+01 -2.934500e-01 1.000373e-01

2
hog_feature 3
19
20 8 12 24
4_cells_hog
0.000000e+00 0.000000e+00 0.000000e+00
4.887646e+01 4.456273e-01 -1.171875e-01
0.000000e+00 0.000000e+00 0.000000e+00

5
hog_feature 3
28
16 2 16 32
4_cells_hog
2.401873e+03 8.261062e-03 -8.594805e-01
0.000000e+00 0.000000e+00 0.000000e+00
1.478351e+03 -8.539753e-02 3.887896e-01

3
var_feature 2
1
10 34 21 6
one_rect_var
1.636748e+02 -3.684216e-01 3.117006e-02
1.673697e+03 -9.529322e-02 3.600543e-01
0.000000e+00 0.000000e+00 0.000000e+00

4
hog_feature 3
19
14 24 14 14
4_cells_hog
0.000000e+00 0.000000e+00 0.000000e+00
0.000000e+00 0.000000e+00 0.000000e+00
1.861100e+02 7.624388e-02 -4.572671e-01

1
haar_feature 1
2
18 22 9 6 0 -1
18 22 3 6 0 2
haar_x3_4
-5.869316e-03 2.751327e-02 -8.739228e-01
0.000000e+00 0.000000e+00 0.000000e+00
0.000000e+00 0.000000e+00 0.000000e+00

6
var_feature 2
1
0 0 14 5
one_rect_var
0.000000e+00 0.000000e+00 0.000000e+00
5.065186e+00 4.018992e-01 -6.590035e-02
3.186342e+02 1.623174e-01 -1.620980e-01

3
var_feature 2
1
24 6 4 12
one_rect_var
1.530322e+02 -3.095807e-01 4.490887e-02
2.254636e+03 4.558294e-02 -8.374423e-01
0.000000e+00 0.000000e+00 0.000000e+00

4
hog_feature 3
17
6 8 10 20
4_cells_hog
0.000000e+00 0.000000e+00 0.000000e+00
0.000000e+00 0.000000e+00 0.000000e+00
1.892307e+02 -2.062828e-01 1.633392e-01

1
hog_feature 3
35
12 30 16 8
4_cells_hog
9.397009e+01 1.040675e-01 -2.334223e-01
0.000000e+00 0.000000e+00 0.000000e+00
0.000000e+00 0.000000e+00 0.000000e+00

6
haar_feature 1
2
8 2 15 16 0 -1
13 2 5 16 0 3
haar_x3_0
0.000000e+00 0.000000e+00 0.000000e+00
-4.294545e-02 -7.173703e-01 2.953034e-02
6.485936e-02 5.873162e-02 -5.349837e-01

2
hog_feature 3
12
0 22 14 14
4_cells_hog
0.000000e+00 0.000000e+00 0.000000e+00
6.003992e+01 1.152946e-01 -3.720372e-01
0.000000e+00 0.000000e+00 0.000000e+00

5
hog_feature 3
23
14 10 10 20
4_cells_hog
5.242077e+00 -7.217945e-01 2.715057e-02
0.000000e+00 0.000000e+00 0.000000e+00
3.025006e+01 8.946465e-02 -2.496994e-01

1
haar_feature 1
2
16 16 4 24 0 -1
16 16 4 8 0 2
haar_y3_4
-6.886982e-03 3.156601e-02 -6.165101e-01
0.000000e+00 0.000000e+00 0.000000e+00
0.000000e+00 0.000000e+00 0.000000e+00

6
hog_feature 3
21
12 28 20 10
4_cells_hog
0.000000e+00 0.000000e+00 0.000000e+00
6.826526e+01 -1.835183e-01 1.752653e-01
5.361276e+01 -2.061020e-01 1.336021e-01

2
hog_feature 3
5
28 2 10 20
4_cells_hog
0.000000e+00 0.000000e+00 0.000000e+00
5.099022e+00 -6.821838e-01 5.874386e-02
0.000000e+00 0.000000e+00 0.000000e+00

5
hog_feature 3
9
10 30 6 6
4_cells_hog
3.650113e+01 7.361799e-02 -2.317903e-01
0.000000e+00 0.000000e+00 0.000000e+00
7.629395e-06 1.809158e-01 -1.465777e-01

1
hog_feature 3
5
12 32 6 6
4_cells_hog
1.456555e+01 8.734997e-02 -2.878715e-01
0.000000e+00 0.000000e+00 0.000000e+00
0.000000e+00 0.000000e+00 0.000000e+00

6
hog_feature 3
31
8 18 18 18
4_cells_hog
0.000000e+00 0.000000e+00 0.000000e+00
4.661199e+02 3.674533e-02 -6.819824e-01
4.894902e+02 2.876170e-02 -8.274348e-01

2
hog_feature 3
12
20 16 18 18
4_cells_hog
0.000000e+00 0.000000e+00 0.000000e+00
3.182860e+02 4.717012e-02 -7.646365e-01
0.000000e+00 0.000000e+00 0.000000e+00

5
hog_feature 3
25
8 8 30 30
4_cells_hog
3.942240e+02 -3.084713e-01 5.712445e-02
0.000000e+00 0.000000e+00 0.000000e+00
4.689307e+01 -7.052265e-01 2.562002e-02

3
haar_feature 1
2
14 20 9 15 0 -1
14 25 9 5 0 3
haar_y3_0
-5.284550e-03 1.585240e-01 -1.525728e-01
-3.080278e-02 8.008022e-01 -4.006986e-02
0.000000e+00 0.000000e+00 0.000000e+00

4
hog_feature 3
31
12 10 18 18
4_cells_hog
0.000000e+00 0.000000e+00 0.000000e+00
0.000000e+00 0.000000e+00 0.000000e+00
9.999878e+00 -5.954993e-01 4.298781e-02

7
hog_feature 3
10
10 2 20 20
4_cells_hog
2.447609e+03 -1.729110e-02 6.713542e-01
2.326273e+01 -7.968553e-01 5.820846e-02
1.717542e+03 -2.937986e-02 4.980029e-01

5
var_feature 2
1
18 20 6 14
one_rect_var
3.395801e+01 6.466548e-01 -2.339109e-02
0.000000e+00 0.000000e+00 0.000000e+00
1.300293e+01 3.676266e-01 -6.538274e-02

5
hog_feature 3
30
14 10 8 4
4_cells_hog
1.320452e+01 5.471277e-02 -2.994212e-01
0.000000e+00 0.000000e+00 0.000000e+00
1.144409e-05 1.233904e-01 -2.215592e-01

5
haar_feature 1
2
14 0 23 15 0 -1
14 10 23 5 0 2
haar_y3_5
-1.160316e-01 -1.087928e-01 2.681532e-01
0.000000e+00 0.000000e+00 0.000000e+00
-5.766553e-02 -3.014328e-02 3.692215e-01

5
hog_feature 3
28
14 10 10 10
4_cells_hog
2.402066e+01 -2.501957e-01 9.436195e-02
0.000000e+00 0.000000e+00 0.000000e+00
2.103491e+01 -2.429016e-01 8.634480e-02

5
haar_feature 1
2
0 0 3 9 0 -1
0 6 3 3 0 2
haar_y3_5
-4.461121e-02 7.387186e-01 -2.026422e-02
0.000000e+00 0.000000e+00 0.000000e+00
-1.513086e-03 3.441074e-02 -7.548296e-01

5
hog_feature 3
27
14 14 12 24
4_cells_hog
3.248694e+01 -4.299226e-01 5.367056e-02
0.000000e+00 0.000000e+00 0.000000e+00
6.450817e+02 2.790565e-02 -4.146404e-01

5
haar_feature 1
2
0 8 24 14 0 -1
8 8 8 14 0 2
haar_x3_3
-8.026871e-02 3.188082e-02 -6.662171e-01
0.000000e+00 0.000000e+00 0.000000e+00
-4.118322e-02 1.118758e-02 -9.486683e-01

5
haar_feature 1
2
14 26 15 3 0 -1
19 26 5 3 0 3
haar_x3_0
-2.483559e-02 -8.907765e-01 6.448576e-03
0.000000e+00 0.000000e+00 0.000000e+00
1.686035e-02 -5.437795e-02 5.224878e-01

5
haar_feature 1
2
20 20 7 9 0 -1
20 23 7 3 0 3
haar_y3_0
-8.889438e-04 1.544838e-01 -1.650693e-01
0.000000e+00 0.000000e+00 0.000000e+00
-2.146554e-03 1.365889e-01 -5.129683e-02

5
hog_feature 3
23
20 26 16 8
4_cells_hog
1.078018e+01 1.627913e-01 -7.205056e-02
0.000000e+00 0.000000e+00 0.000000e+00
6.324539e+00 1.850507e-01 -1.441902e-01

5
haar_feature 1
2
4 10 27 15 0 -1
4 20 27 5 0 3
haar_y3_2
-5.189182e-02 -2.282037e-01 5.253147e-02
0.000000e+00 0.000000e+00 0.000000e+00
1.430836e-01 2.834280e-02 -9.431465e-01

5
hog_feature 3
29
24 4 14 28
4_cells_hog
3.080099e+02 5.095412e-02 -2.712733e-01
0.000000e+00 0.000000e+00 0.000000e+00
1.175117e+03 2.224435e-02 -7.448434e-01

1
hog_feature 3
33
12 10 6 6
4_cells_hog
7.763983e+01 -6.959794e-02 3.313482e-01
0.000000e+00 0.000000e+00 0.000000e+00
0.000000e+00 0.000000e+00 0.000000e+00

1
hog_feature 3
7
24 10 12 24
4_cells_hog
5.853326e+01 2.283390e-01 -1.044989e-01
0.000000e+00 0.000000e+00 0.000000e+00
0.000000e+00 0.000000e+00 0.000000e+00

1
var_feature 2
1
24 30 10 10
one_rect_var
8.542258e+01 -5.465617e-01 4.777696e-02
0.000000e+00 0.000000e+00 0.000000e+00
0.000000e+00 0.000000e+00 0.000000e+00

1
haar_feature 1
2
16 10 7 27 0 -1
16 10 7 9 0 3
haar_y3_1
-9.495509e-02 -7.503363e-01 2.772168e-02
0.000000e+00 0.000000e+00 0.000000e+00
0.000000e+00 0.000000e+00 0.000000e+00

1
haar_feature 1
2
6 8 27 4 0 -1
15 8 9 4 0 3
haar_x3_0
3.816331e-02 5.870150e-02 -3.925798e-01
0.000000e+00 0.000000e+00 0.000000e+00
0.000000e+00 0.000000e+00 0.000000e+00

1
hog_feature 3
34
24 18 12 6
4_cells_hog
1.713661e+02 -6.236528e-02 3.849856e-01
0.000000e+00 0.000000e+00 0.000000e+00
0.000000e+00 0.000000e+00 0.000000e+00

1
haar_feature 1
2
0 34 12 6 0 -1
8 34 4 6 0 2
haar_x3_5
-1.162544e-02 -8.470907e-02 2.761865e-01
0.000000e+00 0.000000e+00 0.000000e+00
0.000000e+00 0.000000e+00 0.000000e+00

1
haar_feature 1
2
16 4 18 9 0 -1
16 10 18 3 0 2
haar_y3_5
-2.481349e-02 3.319114e-02 -7.457527e-01
0.000000e+00 0.000000e+00 0.000000e+00
0.000000e+00 0.000000e+00 0.000000e+00

1
hog_feature 3
17
14 26 10 10
4_cells_hog
8.993134e+01 9.254865e-02 -2.579971e-01
0.000000e+00 0.000000e+00 0.000000e+00
0.000000e+00 0.000000e+00 0.000000e+00

1
hog_feature 3
15
8 4 18 18
4_cells_hog
1.270313e+02 1.229131e-01 -1.843019e-01
0.000000e+00 0.000000e+00 0.000000e+00
0.000000e+00 0.000000e+00 0.000000e+00

1
hog_feature 3
24
12 6 26 26
4_cells_hog
6.004964e+02 -1.685801e-01 1.393107e-01
0.000000e+00 0.000000e+00 0.000000e+00
0.000000e+00 0.000000e+00 0.000000e+00

1
var_feature 2
1
20 22 7 12
one_rect_var
2.766479e+01 7.404362e-01 -3.518407e-02
0.000000e+00 0.000000e+00 0.000000e+00
0.000000e+00 0.000000e+00 0.000000e+00

1
hog_feature 3
24
2 2 18 36
4_cells_hog
2.568308e+02 1.251728e-01 -1.922292e-01
0.000000e+00 0.000000e+00 0.000000e+00
0.000000e+00 0.000000e+00 0.000000e+00

1
var_feature 2
1
4 20 4 14
one_rect_var
5.558430e+00 -6.158207e-01 4.839727e-02
0.000000e+00 0.000000e+00 0.000000e+00
0.000000e+00 0.000000e+00 0.000000e+00

1
hog_feature 3
17
0 4 28 14
4_cells_hog
1.033357e+03 -1.136231e-01 2.218372e-01
0.000000e+00 0.000000e+00 0.000000e+00
0.000000e+00 0.000000e+00 0.000000e+00

1
hog_feature 3
19
4 10 10 10
4_cells_hog
1.301126e+01 1.606191e-01 -1.606708e-01
0.000000e+00 0.000000e+00 0.000000e+00
0.000000e+00 0.000000e+00 0.000000e+00

1
haar_feature 1
2
22 0 7 9 0 -1
22 3 7 3 0 3
haar_y3_0
2.192792e-03 -1.163486e-01 2.118411e-01
0.000000e+00 0.000000e+00 0.000000e+00
0.000000e+00 0.000000e+00 0.000000e+00

1
haar_feature 1
2
10 6 8 24 0 -1
10 14 8 8 0 3
haar_y3_0
6.229387e-02 -5.188606e-02 4.320495e-01
0.000000e+00 0.000000e+00 0.000000e+00
0.000000e+00 0.000000e+00 0.000000e+00

70
1 2 4 7 8 10 13 14 17 19 20 23 24 27 29 30 32 35 36 38 39 42 43 46 47 49 52 54 56 57 59 61 63 66 67 70 71 74 75 77 78 79 80 81 82 83 84 85 86 87 88 89 90 91 92 93 94 95 96 97 98 99 100 101 102 103 104 105 106 107 
-1.401582e+00
40
0 2 5 6 8 10 12 14 16 18 21 22 24 26 28 31 33 34 36 38 40 41 43 45 47 49 51 53 55 57 60 61 64 65 68 69 72 73 75 77 
-1.638094e+00
52
1 3 5 7 9 11 13 15 17 19 21 23 25 27 29 31 33 35 37 38 40 42 44 46 48 50 52 54 56 58 60 62 64 66 68 70 72 74 76 77 78 79 80 81 82 83 84 85 86 87 88 89 
-1.462446e+00

17
-1
