9
3
hog_feature 3
25
4 22 14 14
4_cells_hog
3.621536e+02 -6.783919e-01 3.125000e-01
5.833166e+02 -5.415822e-01 5.876288e-01
0.000000e+00 0.000000e+00 0.000000e+00

4
haar_feature 1
2
10 18 9 15 0 -1
10 23 9 5 0 3
haar_y3_0
0.000000e+00 0.000000e+00 0.000000e+00
0.000000e+00 0.000000e+00 0.000000e+00
-1.059849e-02 1.379310e-01 -8.333333e-01

3
hog_feature 3
18
10 20 28 14
4_cells_hog
2.090132e+02 4.187752e-01 -7.455176e-01
4.110776e+02 1.977232e-01 -7.828983e-01
0.000000e+00 0.000000e+00 0.000000e+00

4
hog_feature 3
25
6 14 10 20
4_cells_hog
0.000000e+00 0.000000e+00 0.000000e+00
0.000000e+00 0.000000e+00 0.000000e+00
1.912892e+02 -8.188748e-01 2.852936e-01

7
hog_feature 3
10
6 20 28 14
4_cells_hog
4.277449e+02 -9.113692e-01 2.431009e-01
4.738312e+02 -8.003607e-01 2.738385e-01
4.625920e+02 -6.530284e-01 2.854776e-01

3
hog_feature 3
31
0 0 32 32
4_cells_hog
9.070012e+02 3.117029e-01 -6.739834e-01
1.223840e+03 2.314603e-01 -9.397814e-01
0.000000e+00 0.000000e+00 0.000000e+00

4
hog_feature 3
5
18 26 20 10
4_cells_hog
0.000000e+00 0.000000e+00 0.000000e+00
0.000000e+00 0.000000e+00 0.000000e+00
9.941675e+01 3.962033e-01 -7.673660e-01

6
haar_feature 1
3
16 24 10 12 0 -1
16 24 5 6 0 2
21 30 5 6 0 2
haar_x2_y2
0.000000e+00 0.000000e+00 0.000000e+00
-4.013653e-03 3.769858e-01 -6.968115e-01
-5.845331e-03 3.065879e-01 -5.488080e-01

4
hog_feature 3
8
16 6 20 10
4_cells_hog
0.000000e+00 0.000000e+00 0.000000e+00
0.000000e+00 0.000000e+00 0.000000e+00
3.139881e+02 -7.165152e-01 4.017620e-01

4
0 2 4 5 
-8.691058e-01
5
0 2 4 5 7 
-1.515993e+00
6
1 3 4 6 7 8 
-1.214792e+00

2
-1
