45
2
haar_feature 1
2
22 16 4 15 0 -1
22 21 4 5 0 3
haar_y3_0
0.000000e+00 0.000000e+00 0.000000e+00
1.596731e-02 -5.687993e-01 4.269341e-01
0.000000e+00 0.000000e+00 0.000000e+00

5
haar_feature 1
2
4 6 15 30 0 -1
4 6 5 30 0 3
haar_x3_1
-1.000760e-01 -9.009009e-03 -5.002524e-01
0.000000e+00 0.000000e+00 0.000000e+00
-1.675377e-01 2.230769e-01 -5.336364e-01

1
hog_feature 3
17
8 10 14 28
4_cells_hog
3.944175e+02 -4.000715e-01 1.862282e-01
0.000000e+00 0.000000e+00 0.000000e+00
0.000000e+00 0.000000e+00 0.000000e+00

6
hog_feature 3
28
18 16 16 16
4_cells_hog
0.000000e+00 0.000000e+00 0.000000e+00
3.515521e+02 -3.248085e-01 5.119083e-01
9.152628e+01 -5.876669e-01 1.011153e-01

3
hog_feature 3
12
22 10 14 28
4_cells_hog
1.871673e+02 1.121707e-01 -2.803343e-01
2.902176e+02 2.176421e-01 -7.195102e-01
0.000000e+00 0.000000e+00 0.000000e+00

4
haar_feature 1
2
8 32 20 6 0 -1
8 35 20 3 0 2
haar_y2
0.000000e+00 0.000000e+00 0.000000e+00
0.000000e+00 0.000000e+00 0.000000e+00
-1.394458e-02 3.917335e-01 -2.189646e-01

2
hog_feature 3
26
2 14 14 14
4_cells_hog
0.000000e+00 0.000000e+00 0.000000e+00
3.659117e+02 -3.271045e-01 4.591993e-01
0.000000e+00 0.000000e+00 0.000000e+00

5
hog_feature 3
17
2 12 12 12
4_cells_hog
1.035016e+02 1.709697e-01 -2.351794e-01
0.000000e+00 0.000000e+00 0.000000e+00
1.304927e+02 -2.827419e-01 2.276224e-01

2
haar_feature 1
2
14 16 8 12 0 -1
14 20 8 4 0 3
haar_y3_0
0.000000e+00 0.000000e+00 0.000000e+00
-1.378746e-02 3.774081e-01 -3.921843e-01
0.000000e+00 0.000000e+00 0.000000e+00

5
hog_feature 3
23
14 12 10 20
4_cells_hog
2.026736e+01 -4.423598e-01 6.056818e-02
0.000000e+00 0.000000e+00 0.000000e+00
5.173538e+01 1.575733e-01 -5.192661e-01

1
hog_feature 3
29
2 10 14 14
4_cells_hog
1.142772e+02 -2.845059e-01 2.469350e-01
0.000000e+00 0.000000e+00 0.000000e+00
0.000000e+00 0.000000e+00 0.000000e+00

6
var_feature 2
1
0 0 15 5
one_rect_var
0.000000e+00 0.000000e+00 0.000000e+00
1.748174e+02 3.925405e-01 -2.621840e-01
1.324048e+03 1.112647e-01 -3.852873e-01

3
hog_feature 3
28
4 0 34 34
4_cells_hog
1.803154e+02 -6.702281e-01 4.864984e-02
3.020205e+02 -8.099893e-01 1.515685e-01
0.000000e+00 0.000000e+00 0.000000e+00

4
hog_feature 3
14
4 0 20 10
4_cells_hog
0.000000e+00 0.000000e+00 0.000000e+00
0.000000e+00 0.000000e+00 0.000000e+00
2.756612e+01 -4.950554e-01 1.605160e-01

2
hog_feature 3
18
10 14 24 24
4_cells_hog
0.000000e+00 0.000000e+00 0.000000e+00
4.012404e+02 1.606517e-01 -7.278976e-01
0.000000e+00 0.000000e+00 0.000000e+00

5
hog_feature 3
15
12 6 18 18
4_cells_hog
7.795620e+01 2.403636e-01 -2.704348e-01
0.000000e+00 0.000000e+00 0.000000e+00
1.277701e+02 1.472390e-01 -2.972206e-01

2
var_feature 2
1
18 0 5 22
one_rect_var
0.000000e+00 0.000000e+00 0.000000e+00
5.355103e+02 -6.315586e-01 1.759844e-01
0.000000e+00 0.000000e+00 0.000000e+00

5
var_feature 2
1
24 10 5 7
one_rect_var
1.193350e+02 -4.935248e-01 1.117567e-01
0.000000e+00 0.000000e+00 0.000000e+00
3.447024e+02 -2.772197e-01 2.097023e-01

3
hog_feature 3
30
0 10 12 24
4_cells_hog
2.689690e+02 7.934996e-02 -4.916289e-01
1.168815e+02 1.973495e-01 -5.862487e-01
0.000000e+00 0.000000e+00 0.000000e+00

4
haar_feature 1
2
18 12 6 9 0 -1
18 15 6 3 0 3
haar_y3_0
0.000000e+00 0.000000e+00 0.000000e+00
0.000000e+00 0.000000e+00 0.000000e+00
-4.282861e-04 2.453783e-01 -2.957239e-01

1
hog_feature 3
8
18 20 16 16
4_cells_hog
4.299734e+02 1.109752e-01 -5.868529e-01
0.000000e+00 0.000000e+00 0.000000e+00
0.000000e+00 0.000000e+00 0.000000e+00

6
hog_feature 3
31
10 18 18 18
4_cells_hog
0.000000e+00 0.000000e+00 0.000000e+00
4.262659e+02 9.132542e-02 -8.280635e-01
3.968696e+02 7.348510e-02 -7.090241e-01

3
hog_feature 3
16
10 8 10 20
4_cells_hog
3.503893e+02 -1.833842e-01 3.377765e-01
1.208791e+01 -7.132332e-01 6.967429e-02
0.000000e+00 0.000000e+00 0.000000e+00

4
hog_feature 3
17
14 32 12 6
4_cells_hog
0.000000e+00 0.000000e+00 0.000000e+00
0.000000e+00 0.000000e+00 0.000000e+00
8.246155e+00 2.447790e-01 -3.032336e-01

2
hog_feature 3
1
4 10 14 14
4_cells_hog
0.000000e+00 0.000000e+00 0.000000e+00
1.900540e+02 -3.228270e-01 3.640595e-01
0.000000e+00 0.000000e+00 0.000000e+00

5
hog_feature 3
12
2 4 22 22
4_cells_hog
2.432646e+02 1.390021e-01 -3.807436e-01
0.000000e+00 0.000000e+00 0.000000e+00
3.230848e+02 9.527372e-02 -4.321608e-01

5
hog_feature 3
13
4 0 28 14
4_cells_hog
5.014621e+01 -4.062377e-01 1.235184e-01
0.000000e+00 0.000000e+00 0.000000e+00
8.946050e+01 -3.551426e-01 1.220042e-01

5
hog_feature 3
8
8 24 28 14
4_cells_hog
1.047366e+02 -7.560636e-01 6.520201e-02
0.000000e+00 0.000000e+00 0.000000e+00
7.049789e+01 -4.496016e-01 6.622366e-02

5
hog_feature 3
28
8 6 24 12
4_cells_hog
1.038681e+03 -9.326893e-02 6.174371e-01
0.000000e+00 0.000000e+00 0.000000e+00
3.537787e+01 -6.748350e-01 4.540453e-02

5
var_feature 2
1
2 4 32 9
one_rect_var
3.224665e+03 8.840901e-02 -6.897818e-01
0.000000e+00 0.000000e+00 0.000000e+00
3.122837e+03 5.978872e-02 -5.277627e-01

5
hog_feature 3
0
14 26 6 12
4_cells_hog
1.257213e+02 4.226267e-02 -3.060138e-01
0.000000e+00 0.000000e+00 0.000000e+00
4.551801e+01 1.403905e-01 -4.587956e-01

5
hog_feature 3
10
10 4 10 20
4_cells_hog
8.564713e+01 1.670711e-01 -2.064310e-01
0.000000e+00 0.000000e+00 0.000000e+00
7.152408e+02 -8.608489e-02 6.165963e-01

5
hog_feature 3
35
12 0 12 6
4_cells_hog
9.713130e+01 -1.606583e-01 1.918389e-01
0.000000e+00 0.000000e+00 0.000000e+00
3.634413e+01 -2.639270e-01 2.088216e-01

5
haar_feature 1
2
12 6 28 33 0 -1
12 17 28 11 0 2
haar_y3_3
-5.103084e-01 -2.911464e-01 1.554663e-01
0.000000e+00 0.000000e+00 0.000000e+00
-5.188758e-01 -2.244155e-01 1.654682e-01

5
haar_feature 1
2
16 14 5 24 0 -1
16 14 5 8 0 2
haar_y3_4
-9.733051e-03 6.044379e-02 -7.735379e-01
0.000000e+00 0.000000e+00 0.000000e+00
-1.423086e-02 3.622319e-02 -9.868467e-01

5
hog_feature 3
31
0 24 24 12
4_cells_hog
1.327859e+02 1.605848e-01 -3.930816e-01
0.000000e+00 0.000000e+00 0.000000e+00
5.512306e+02 2.029064e-02 -5.530388e-01

5
haar_feature 1
2
12 28 13 12 0 -1
12 32 13 4 0 3
haar_y3_0
1.045378e-02 -1.478215e-01 3.831593e-01
0.000000e+00 0.000000e+00 0.000000e+00
8.197670e-03 -1.065097e-01 2.698631e-01

5
hog_feature 3
13
6 24 10 10
4_cells_hog
4.446365e+02 1.563178e-02 -9.060643e-01
0.000000e+00 0.000000e+00 0.000000e+00
1.258282e+01 1.979793e-01 -3.535508e-01

5
hog_feature 3
32
2 8 36 18
4_cells_hog
1.011066e+02 -4.629987e-01 6.795724e-02
0.000000e+00 0.000000e+00 0.000000e+00
3.461298e+01 -6.897557e-01 6.225431e-02

5
haar_feature 1
2
16 14 4 24 0 -1
16 14 4 8 0 3
haar_y3_1
-7.863654e-04 -3.166836e-01 1.505755e-01
0.000000e+00 0.000000e+00 0.000000e+00
-3.959431e-02 -8.206415e-01 2.323372e-02

5
haar_feature 1
2
12 8 16 13 0 -1
20 8 8 13 0 2
haar_x2
-4.241482e-02 -3.888867e-01 6.049646e-02
0.000000e+00 0.000000e+00 0.000000e+00
-5.881128e-02 -8.249450e-01 5.703060e-02

1
hog_feature 3
19
10 20 8 4
4_cells_hog
8.590166e+01 -1.106423e-01 5.120202e-01
0.000000e+00 0.000000e+00 0.000000e+00
0.000000e+00 0.000000e+00 0.000000e+00

1
hog_feature 3
7
24 8 10 20
4_cells_hog
7.085296e+01 2.461866e-01 -2.191745e-01
0.000000e+00 0.000000e+00 0.000000e+00
0.000000e+00 0.000000e+00 0.000000e+00

1
hog_feature 3
33
0 6 24 24
4_cells_hog
3.025460e+02 -3.805591e-01 1.423126e-01
0.000000e+00 0.000000e+00 0.000000e+00
0.000000e+00 0.000000e+00 0.000000e+00

1
var_feature 2
1
20 20 6 5
one_rect_var
4.555957e+01 5.530050e-01 -1.026068e-01
0.000000e+00 0.000000e+00 0.000000e+00
0.000000e+00 0.000000e+00 0.000000e+00

32
1 2 4 7 9 10 12 15 17 18 20 22 25 26 27 28 29 30 31 32 33 34 35 36 37 38 39 40 41 42 43 44 
-1.480497e+00
13
0 3 4 6 8 11 12 14 16 18 21 22 24 
-1.542790e+00
28
1 3 5 7 9 11 13 15 17 19 21 23 25 26 27 28 29 30 31 32 33 34 35 36 37 38 39 40 
-1.688137e+00

6
-1
