22
7
haar_feature 1
3
0 18 30 10 0 -1
0 18 15 5 0 2
15 23 15 5 0 2
haar_x2_y2
-2.773947e-02 -7.772021e-02 -4.545455e-01
5.145576e-02 -5.049505e-01 5.789474e-01
3.812885e-02 -4.131274e-01 1.707317e-01

7
hog_feature 3
23
15 9 10 10
4_cells_hog
5.495916e+02 3.013955e-02 -9.013624e-01
2.004701e+02 -3.256419e-01 3.066284e-01
7.846893e+01 -4.424219e-01 1.644584e-01

7
hog_feature 3
23
30 9 10 20
4_cells_hog
1.285781e+02 1.679923e-01 -2.775507e-01
8.478442e+01 2.441168e-01 -6.157340e-01
7.151129e+01 2.995667e-01 -1.158639e-01

7
hog_feature 3
24
21 27 10 10
4_cells_hog
4.035402e+02 2.016414e-02 -5.214006e-01
3.268018e+01 -8.986620e-01 2.239770e-01
1.106519e+01 1.725736e-01 -6.295878e-02

7
haar_feature 1
2
0 15 27 3 0 -1
0 15 9 3 0 2
haar_x3_4
-1.163974e-01 -1.000000e+00 1.050699e-02
-1.689482e-02 -3.927530e-01 4.233516e-01
-1.260527e-02 -1.308199e-01 5.107148e-01

7
haar_feature 1
2
27 21 13 18 0 -1
27 30 13 9 0 2
haar_y2
-7.807350e-03 1.180384e-01 -2.877932e-01
7.754748e-04 2.149010e-01 -5.606580e-01
-2.981697e-02 3.281185e-01 -1.902478e-01

7
hog_feature 3
2
15 15 22 22
4_cells_hog
2.621191e+01 -6.721956e-01 3.191774e-02
1.381995e+02 -7.618607e-01 2.241153e-01
6.230543e+02 6.551064e-02 -5.252188e-01

7
hog_feature 3
34
30 18 10 10
4_cells_hog
3.232468e+02 -8.189143e-02 3.876098e-01
1.005735e+02 -4.121758e-01 4.772944e-01
5.607910e+00 1.497961e-01 -7.872172e-02

7
hog_feature 3
15
27 12 10 10
4_cells_hog
1.604611e+01 -2.391488e-01 9.990484e-02
4.204093e+02 5.876558e-02 -6.397871e-01
7.426373e+01 -3.776641e-01 3.044453e-01

7
haar_feature 1
2
12 15 15 7 0 -1
17 15 5 7 0 3
haar_x3_0
-1.739204e-03 1.813034e-01 -2.931883e-01
-1.336990e-02 3.221280e-01 -2.201774e-01
4.422849e-03 -2.022153e-01 3.298759e-01

5
hog_feature 3
15
24 6 4 8
4_cells_hog
5.656858e+00 1.898394e-01 -3.969356e-01
0.000000e+00 0.000000e+00 0.000000e+00
9.949753e+00 1.515040e-01 -3.389706e-01

5
hog_feature 3
5
3 15 10 20
4_cells_hog
5.046701e+02 -2.342471e-01 4.150166e-01
0.000000e+00 0.000000e+00 0.000000e+00
5.401906e+02 6.711259e-02 -3.802553e-01

4
hog_feature 3
30
27 6 10 10
4_cells_hog
0.000000e+00 0.000000e+00 0.000000e+00
0.000000e+00 0.000000e+00 0.000000e+00
1.825596e+02 1.595344e-01 -7.837343e-01

5
hog_feature 3
21
3 12 4 8
4_cells_hog
5.664442e+01 -1.725761e-01 3.209404e-01
0.000000e+00 0.000000e+00 0.000000e+00
9.989098e+01 -1.872258e-01 4.320272e-01

5
hog_feature 3
33
9 12 20 10
4_cells_hog
2.602647e+01 -6.739307e-01 6.192879e-02
0.000000e+00 0.000000e+00 0.000000e+00
3.545807e+01 -7.711018e-01 1.333300e-01

5
haar_feature 1
3
33 21 6 6 0 -1
33 21 3 3 0 2
36 24 3 3 0 2
haar_x2_y2
-8.813146e-04 3.428861e-01 -1.932150e-01
0.000000e+00 0.000000e+00 0.000000e+00
-2.878327e-03 4.371868e-01 -1.642769e-01

5
hog_feature 3
5
0 24 4 8
4_cells_hog
6.708229e+00 1.921826e-01 -2.964090e-01
0.000000e+00 0.000000e+00 0.000000e+00
2.263786e+01 1.864593e-01 -4.207537e-01

5
hog_feature 3
0
9 9 20 10
4_cells_hog
5.026511e+02 -9.399595e-02 7.118727e-01
0.000000e+00 0.000000e+00 0.000000e+00
2.108743e+02 -1.380659e-01 5.133832e-01

5
haar_feature 1
2
21 12 17 9 0 -1
21 15 17 3 0 3
haar_y3_0
5.382331e-02 3.972337e-02 -7.686352e-01
0.000000e+00 0.000000e+00 0.000000e+00
-1.044278e-02 3.479015e-01 -3.485409e-01

1
haar_feature 1
2
18 33 13 6 0 -1
18 36 13 3 0 2
haar_y2
-9.820936e-04 2.983838e-01 -3.219389e-01
0.000000e+00 0.000000e+00 0.000000e+00
0.000000e+00 0.000000e+00 0.000000e+00

1
haar_feature 1
2
18 36 21 3 0 -1
32 36 7 3 0 3
haar_x3_2
-1.646350e-02 3.704795e-01 -2.726912e-01
0.000000e+00 0.000000e+00 0.000000e+00
0.000000e+00 0.000000e+00 0.000000e+00

1
haar_feature 1
2
18 0 18 3 0 -1
27 0 9 3 0 2
haar_x2
-2.289994e-04 2.704020e-01 -3.090793e-01
0.000000e+00 0.000000e+00 0.000000e+00
0.000000e+00 0.000000e+00 0.000000e+00

21
0 1 2 3 4 5 6 7 8 9 10 11 13 14 15 16 17 18 19 20 21 
-1.048567e+00
10
0 1 2 3 4 5 6 7 8 9 
-1.292863e+00
19
0 1 2 3 4 5 6 7 8 9 10 11 12 13 14 15 16 17 18 
-1.217434e+00

16
-1
