109
2
haar_feature 1
2
22 16 6 8 0 -1
22 20 6 4 0 2
haar_y2
0.000000e+00 0.000000e+00 0.000000e+00
1.717976e-02 -5.057619e-01 3.138211e-01
0.000000e+00 0.000000e+00 0.000000e+00

5
haar_feature 1
2
10 0 20 30 0 -1
10 15 20 15 0 2
haar_y2
1.826894e-02 -4.778838e-01 -2.429696e-01
0.000000e+00 0.000000e+00 0.000000e+00
1.467401e-01 -4.838104e-01 4.854369e-02

2
haar_feature 1
2
6 20 22 9 0 -1
6 26 22 3 0 3
haar_y3_2
0.000000e+00 0.000000e+00 0.000000e+00
2.141975e-02 -4.070321e-01 1.322011e-01
0.000000e+00 0.000000e+00 0.000000e+00

5
hog_feature 3
26
8 18 12 12
4_cells_hog
7.218475e+01 -2.845868e-01 7.014831e-02
0.000000e+00 0.000000e+00 0.000000e+00
2.291814e+02 -2.420254e-01 1.697769e-01

3
hog_feature 3
8
4 16 10 20
4_cells_hog
2.369461e+01 1.309257e-01 -5.787004e-02
2.562247e+02 -2.906248e-01 2.036689e-01
0.000000e+00 0.000000e+00 0.000000e+00

4
hog_feature 3
20
22 22 14 14
4_cells_hog
0.000000e+00 0.000000e+00 0.000000e+00
0.000000e+00 0.000000e+00 0.000000e+00
1.608716e+02 -2.782485e-01 1.711940e-01

3
hog_feature 3
25
18 0 18 36
4_cells_hog
1.572575e+02 -3.741051e-01 3.301730e-02
2.061939e+02 1.277961e-01 -3.914132e-01
0.000000e+00 0.000000e+00 0.000000e+00

4
haar_feature 1
2
12 10 10 6 0 -1
17 10 5 6 0 2
haar_x2
0.000000e+00 0.000000e+00 0.000000e+00
0.000000e+00 0.000000e+00 0.000000e+00
1.022515e-02 8.987874e-02 -4.631942e-01

2
haar_feature 1
3
0 2 34 28 0 -1
0 2 17 14 0 2
17 16 17 14 0 2
haar_x2_y2
0.000000e+00 0.000000e+00 0.000000e+00
5.118895e-02 1.127933e-01 -4.288669e-01
0.000000e+00 0.000000e+00 0.000000e+00

5
hog_feature 3
27
16 8 10 10
4_cells_hog
5.365330e+01 -2.707728e-01 6.790427e-02
0.000000e+00 0.000000e+00 0.000000e+00
4.535806e+01 -3.032378e-01 8.076349e-02

1
haar_feature 1
2
10 18 27 3 0 -1
19 18 9 3 0 3
haar_x3_0
4.898348e-02 -6.092797e-02 4.452247e-01
0.000000e+00 0.000000e+00 0.000000e+00
0.000000e+00 0.000000e+00 0.000000e+00

6
hog_feature 3
26
24 20 6 12
4_cells_hog
0.000000e+00 0.000000e+00 0.000000e+00
5.003662e-01 1.729518e-01 -1.802354e-01
3.854041e+01 9.971381e-02 -2.767096e-01

3
hog_feature 3
21
16 2 6 12
4_cells_hog
2.236076e+00 8.205869e-02 -1.043737e-01
1.566669e+01 2.508643e-01 -1.837203e-01
0.000000e+00 0.000000e+00 0.000000e+00

4
hog_feature 3
12
12 6 6 6
4_cells_hog
0.000000e+00 0.000000e+00 0.000000e+00
0.000000e+00 0.000000e+00 0.000000e+00
9.155273e-05 1.344797e-01 -2.531607e-01

2
hog_feature 3
15
2 18 18 18
4_cells_hog
0.000000e+00 0.000000e+00 0.000000e+00
4.739597e+01 -7.000407e-01 6.583980e-02
0.000000e+00 0.000000e+00 0.000000e+00

5
hog_feature 3
3
12 0 24 12
4_cells_hog
9.933345e+01 -1.257859e-01 1.376334e-01
0.000000e+00 0.000000e+00 0.000000e+00
1.065834e+02 -1.906159e-01 1.131512e-01

1
haar_feature 1
2
16 12 12 9 0 -1
22 12 6 9 0 2
haar_x2
2.310760e-02 5.552994e-02 -5.095172e-01
0.000000e+00 0.000000e+00 0.000000e+00
0.000000e+00 0.000000e+00 0.000000e+00

6
haar_feature 1
2
16 12 3 12 0 -1
16 18 3 6 0 2
haar_y2
0.000000e+00 0.000000e+00 0.000000e+00
-5.268888e-04 7.666720e-02 -3.719332e-01
3.390697e-04 -2.105194e-01 1.026412e-01

1
haar_feature 1
2
14 18 21 22 0 -1
28 18 7 22 0 3
haar_x3_2
3.022133e-01 -4.284712e-02 7.278343e-01
0.000000e+00 0.000000e+00 0.000000e+00
0.000000e+00 0.000000e+00 0.000000e+00

6
hog_feature 3
22
16 4 8 16
4_cells_hog
0.000000e+00 0.000000e+00 0.000000e+00
1.672494e+02 7.096599e-02 -5.107349e-01
2.155272e+02 2.502307e-02 -7.381719e-01

3
haar_feature 1
2
0 30 36 7 0 -1
12 30 12 7 0 3
haar_x3_0
1.629134e-01 -3.100969e-02 3.745570e-01
1.276090e-01 -9.867938e-02 3.929638e-01
0.000000e+00 0.000000e+00 0.000000e+00

4
hog_feature 3
19
24 2 6 6
4_cells_hog
0.000000e+00 0.000000e+00 0.000000e+00
0.000000e+00 0.000000e+00 0.000000e+00
1.108990e+02 -7.871731e-02 4.472395e-01

3
hog_feature 3
27
8 24 6 12
4_cells_hog
1.503521e+02 6.310748e-02 -2.877047e-01
2.537408e+01 1.094394e-01 -2.956534e-01
0.000000e+00 0.000000e+00 0.000000e+00

4
hog_feature 3
30
10 0 14 14
4_cells_hog
0.000000e+00 0.000000e+00 0.000000e+00
0.000000e+00 0.000000e+00 0.000000e+00
3.736488e+01 1.546005e-01 -2.157886e-01

2
hog_feature 3
29
8 6 18 18
4_cells_hog
0.000000e+00 0.000000e+00 0.000000e+00
9.034567e+01 -6.051111e-01 6.219836e-02
0.000000e+00 0.000000e+00 0.000000e+00

5
hog_feature 3
35
22 4 10 10
4_cells_hog
2.562863e+02 5.085913e-02 -2.653993e-01
0.000000e+00 0.000000e+00 0.000000e+00
5.911761e+01 1.436750e-01 -1.749685e-01

3
var_feature 2
1
2 2 7 6
one_rect_var
6.493688e+02 5.955120e-02 -1.904990e-01
1.305542e+02 1.732618e-01 -2.177918e-01
0.000000e+00 0.000000e+00 0.000000e+00

4
hog_feature 3
7
20 2 12 6
4_cells_hog
0.000000e+00 0.000000e+00 0.000000e+00
0.000000e+00 0.000000e+00 0.000000e+00
1.092453e+02 -1.063317e-01 2.945836e-01

3
hog_feature 3
13
0 2 14 28
4_cells_hog
1.367464e+02 -1.109783e-01 1.021581e-01
3.815047e+01 -7.655123e-01 5.257773e-02
0.000000e+00 0.000000e+00 0.000000e+00

4
haar_feature 1
2
14 16 9 5 0 -1
17 16 3 5 0 3
haar_x3_0
0.000000e+00 0.000000e+00 0.000000e+00
0.000000e+00 0.000000e+00 0.000000e+00
-9.940926e-03 -8.269679e-01 4.046100e-02

3
hog_feature 3
11
6 0 22 22
4_cells_hog
3.036623e+02 8.356503e-02 -2.053972e-01
1.196978e+02 -3.604934e-01 7.237416e-02
0.000000e+00 0.000000e+00 0.000000e+00

4
haar_feature 1
2
4 20 15 5 0 -1
9 20 5 5 0 3
haar_x3_0
0.000000e+00 0.000000e+00 0.000000e+00
0.000000e+00 0.000000e+00 0.000000e+00
2.894675e-02 -7.451328e-02 4.645830e-01

1
hog_feature 3
19
22 12 12 6
4_cells_hog
1.813640e+02 -1.046372e-01 2.654127e-01
0.000000e+00 0.000000e+00 0.000000e+00
0.000000e+00 0.000000e+00 0.000000e+00

6
hog_feature 3
7
8 12 18 18
4_cells_hog
0.000000e+00 0.000000e+00 0.000000e+00
3.392256e+02 -1.408314e-01 2.472794e-01
9.797122e+02 -4.337562e-02 3.586347e-01

7
var_feature 2
1
18 18 4 4
one_rect_var
1.129148e+03 4.580393e-02 -3.554332e-01
2.038672e+01 -7.847236e-01 3.476852e-02
2.915430e+01 1.539804e-01 -1.486686e-01

1
hog_feature 3
25
12 0 26 26
4_cells_hog
5.597973e+02 -2.068699e-01 1.076940e-01
0.000000e+00 0.000000e+00 0.000000e+00
0.000000e+00 0.000000e+00 0.000000e+00

6
hog_feature 3
13
20 10 14 28
4_cells_hog
0.000000e+00 0.000000e+00 0.000000e+00
3.692071e+02 5.960962e-02 -4.909889e-01
9.785535e+01 -1.925942e-01 1.157812e-01

2
haar_feature 1
2
10 4 15 16 0 -1
15 4 5 16 0 3
haar_x3_0
0.000000e+00 0.000000e+00 0.000000e+00
2.929198e-02 7.630577e-02 -4.892237e-01
0.000000e+00 0.000000e+00 0.000000e+00

5
hog_feature 3
15
8 6 18 18
4_cells_hog
2.132891e+02 5.403325e-02 -1.770257e-01
0.000000e+00 0.000000e+00 0.000000e+00
7.984004e+01 1.567303e-01 -2.129416e-01

3
haar_feature 1
2
18 0 18 33 0 -1
18 22 18 11 0 2
haar_y3_5
-1.784693e-01 -6.909556e-02 2.807301e-01
-7.329125e-01 -6.873299e-01 3.294108e-02
0.000000e+00 0.000000e+00 0.000000e+00

4
haar_feature 1
2
10 6 12 17 0 -1
14 6 4 17 0 3
haar_x3_0
0.000000e+00 0.000000e+00 0.000000e+00
0.000000e+00 0.000000e+00 0.000000e+00
-5.504142e-02 -9.033059e-01 3.346322e-02

1
var_feature 2
1
20 18 7 5
one_rect_var
3.690728e+02 1.575791e-01 -1.689597e-01
0.000000e+00 0.000000e+00 0.000000e+00
0.000000e+00 0.000000e+00 0.000000e+00

6
hog_feature 3
0
24 18 6 12
4_cells_hog
0.000000e+00 0.000000e+00 0.000000e+00
6.963220e+01 8.325617e-02 -3.539741e-01
1.948523e+01 -2.719611e-01 7.234615e-02

3
haar_feature 1
2
12 6 24 30 0 -1
12 21 24 15 0 2
haar_y2
2.106794e-01 2.289309e-02 -5.613793e-01
1.235961e-01 7.029502e-02 -5.249718e-01
0.000000e+00 0.000000e+00 0.000000e+00

4
hog_feature 3
22
10 10 28 14
4_cells_hog
0.000000e+00 0.000000e+00 0.000000e+00
0.000000e+00 0.000000e+00 0.000000e+00
2.112167e+01 -5.984001e-01 4.983874e-02

3
hog_feature 3
11
20 22 14 14
4_cells_hog
4.069904e+02 1.888741e-02 -6.439722e-01
2.121338e+00 5.805624e-01 -6.344506e-02
0.000000e+00 0.000000e+00 0.000000e+00

4
hog_feature 3
11
22 28 16 8
4_cells_hog
0.000000e+00 0.000000e+00 0.000000e+00
0.000000e+00 0.000000e+00 0.000000e+00
5.656891e+00 3.085723e-01 -1.079997e-01

2
hog_feature 3
2
0 20 20 10
4_cells_hog
0.000000e+00 0.000000e+00 0.000000e+00
8.718126e+01 1.027074e-01 -3.949166e-01
0.000000e+00 0.000000e+00 0.000000e+00

5
haar_feature 1
3
24 14 8 8 0 -1
24 14 4 4 0 2
28 18 4 4 0 2
haar_x2_y2
6.086469e-03 -7.602600e-02 2.881857e-01
0.000000e+00 0.000000e+00 0.000000e+00
6.860599e-03 -6.312542e-02 2.569033e-01

7
var_feature 2
1
20 6 4 4
one_rect_var
3.543984e+02 -1.107857e-01 1.278497e-01
2.646094e+01 -6.114403e-01 3.536265e-02
1.876172e+01 -4.238980e-01 5.162775e-02

3
hog_feature 3
20
8 20 6 12
4_cells_hog
5.830950e+00 1.135776e-01 -1.091415e-01
4.577637e-05 1.562809e-01 -1.999540e-01
0.000000e+00 0.000000e+00 0.000000e+00

4
hog_feature 3
0
12 26 10 10
4_cells_hog
0.000000e+00 0.000000e+00 0.000000e+00
0.000000e+00 0.000000e+00 0.000000e+00
1.628662e+01 2.012038e-01 -1.659112e-01

1
hog_feature 3
25
8 2 30 30
4_cells_hog
2.609334e+03 2.852645e-02 -7.951490e-01
0.000000e+00 0.000000e+00 0.000000e+00
0.000000e+00 0.000000e+00 0.000000e+00

6
haar_feature 1
2
12 26 6 12 0 -1
12 34 6 4 0 3
haar_y3_2
0.000000e+00 0.000000e+00 0.000000e+00
-2.176128e-02 2.709719e-01 -9.914343e-02
-3.318744e-03 1.232630e-01 -2.306740e-01

3
haar_feature 1
2
8 24 6 3 0 -1
11 24 3 3 0 2
haar_x2
1.135674e-02 -3.706443e-02 4.191293e-01
-7.313580e-04 1.857198e-01 -1.898721e-01
0.000000e+00 0.000000e+00 0.000000e+00

4
haar_feature 1
2
18 12 5 21 0 -1
18 19 5 7 0 3
haar_y3_0
0.000000e+00 0.000000e+00 0.000000e+00
0.000000e+00 0.000000e+00 0.000000e+00
1.410960e-02 7.291128e-02 -4.117742e-01

1
hog_feature 3
29
12 10 20 10
4_cells_hog
8.768662e+02 -2.746082e-02 7.301199e-01
0.000000e+00 0.000000e+00 0.000000e+00
0.000000e+00 0.000000e+00 0.000000e+00

6
haar_feature 1
2
14 12 9 27 0 -1
14 12 9 9 0 2
haar_y3_4
0.000000e+00 0.000000e+00 0.000000e+00
-6.113815e-02 3.499307e-02 -9.999902e-01
-5.215863e-02 2.545560e-02 -6.895654e-01

2
haar_feature 1
2
16 0 8 15 0 -1
16 5 8 5 0 3
haar_y3_0
0.000000e+00 0.000000e+00 0.000000e+00
4.292826e-02 -1.081432e-01 4.146143e-01
0.000000e+00 0.000000e+00 0.000000e+00

5
haar_feature 1
2
16 28 9 6 0 -1
19 28 3 6 0 3
haar_x3_0
-3.369515e-04 1.326484e-01 -1.233309e-01
0.000000e+00 0.000000e+00 0.000000e+00
-5.330448e-04 2.044497e-01 -1.265892e-01

3
hog_feature 3
10
28 0 8 16
4_cells_hog
2.614354e+02 3.317049e-02 -3.987967e-01
6.656912e+01 1.021580e-01 -3.621312e-01
0.000000e+00 0.000000e+00 0.000000e+00

4
haar_feature 1
2
12 28 9 5 0 -1
15 28 3 5 0 3
haar_x3_0
0.000000e+00 0.000000e+00 0.000000e+00
0.000000e+00 0.000000e+00 0.000000e+00
-4.638970e-03 3.569796e-01 -8.315996e-02

1
hog_feature 3
13
22 12 6 6
4_cells_hog
2.105942e+01 5.248628e-02 -4.129726e-01
0.000000e+00 0.000000e+00 0.000000e+00
0.000000e+00 0.000000e+00 0.000000e+00

6
haar_feature 1
3
16 18 8 18 0 -1
16 18 4 9 0 2
20 27 4 9 0 2
haar_x2_y2
0.000000e+00 0.000000e+00 0.000000e+00
8.586010e-03 -6.548695e-02 5.255187e-01
7.212359e-05 1.193576e-01 -1.592919e-01

3
haar_feature 1
2
12 18 7 15 0 -1
12 23 7 5 0 2
haar_y3_3
-1.712148e-02 1.308920e-02 -6.143925e-01
-5.357967e-02 -1.238531e-01 3.176509e-01
0.000000e+00 0.000000e+00 0.000000e+00

4
haar_feature 1
2
6 24 9 8 0 -1
9 24 3 8 0 3
haar_x3_0
0.000000e+00 0.000000e+00 0.000000e+00
0.000000e+00 0.000000e+00 0.000000e+00
-8.749815e-04 1.803776e-01 -1.785436e-01

3
haar_feature 1
2
2 24 24 4 0 -1
18 24 8 4 0 3
haar_x3_2
-5.092217e-02 -2.629547e-01 2.547829e-02
-3.995764e-02 -7.068827e-01 5.979985e-02
0.000000e+00 0.000000e+00 0.000000e+00

4
hog_feature 3
28
16 26 4 8
4_cells_hog
0.000000e+00 0.000000e+00 0.000000e+00
0.000000e+00 0.000000e+00 0.000000e+00
9.155273e-05 1.666175e-01 -1.904759e-01

1
hog_feature 3
8
16 0 6 6
4_cells_hog
1.978633e+02 3.722871e-02 -5.869228e-01
0.000000e+00 0.000000e+00 0.000000e+00
0.000000e+00 0.000000e+00 0.000000e+00

6
var_feature 2
1
0 0 21 14
one_rect_var
0.000000e+00 0.000000e+00 0.000000e+00
1.759038e+02 6.844980e-01 -5.713789e-02
1.050901e+02 5.802926e-01 -3.108926e-02

1
hog_feature 3
16
0 0 20 20
4_cells_hog
3.872564e+02 -1.418302e-01 1.689391e-01
0.000000e+00 0.000000e+00 0.000000e+00
0.000000e+00 0.000000e+00 0.000000e+00

6
var_feature 2
1
12 12 4 4
one_rect_var
0.000000e+00 0.000000e+00 0.000000e+00
1.451172e+01 -6.176172e-01 3.983590e-02
6.087109e+01 -3.298403e-01 1.131829e-01

2
haar_feature 1
2
12 32 12 3 0 -1
20 32 4 3 0 3
haar_x3_2
0.000000e+00 0.000000e+00 0.000000e+00
-1.111185e-03 1.566962e-01 -2.659813e-01
0.000000e+00 0.000000e+00 0.000000e+00

5
hog_feature 3
19
24 18 10 20
4_cells_hog
2.655231e+02 -9.472512e-02 2.681314e-01
0.000000e+00 0.000000e+00 0.000000e+00
1.547069e+01 -4.606293e-01 2.425372e-02

7
var_feature 2
1
14 12 6 22
one_rect_var
3.010913e+02 2.617261e-01 -3.060050e-02
1.628540e+02 5.702090e-01 -4.489186e-02
4.182654e+01 3.506888e-01 -8.725622e-02

2
hog_feature 3
18
0 12 16 8
4_cells_hog
0.000000e+00 0.000000e+00 0.000000e+00
1.677895e+01 -5.483572e-01 8.619168e-02
0.000000e+00 0.000000e+00 0.000000e+00

5
hog_feature 3
18
12 8 14 14
4_cells_hog
1.236797e+02 -2.164346e-01 1.042962e-01
0.000000e+00 0.000000e+00 0.000000e+00
9.037488e+01 -1.596682e-01 8.716307e-02

3
haar_feature 1
2
14 12 3 9 0 -1
14 12 3 3 0 2
haar_y3_4
-4.547272e-03 -2.936822e-02 3.698832e-01
-3.212044e-03 4.202398e-02 -8.206433e-01
0.000000e+00 0.000000e+00 0.000000e+00

4
haar_feature 1
2
12 0 11 6 0 -1
12 3 11 3 0 2
haar_y2
0.000000e+00 0.000000e+00 0.000000e+00
0.000000e+00 0.000000e+00 0.000000e+00
-1.476768e-02 5.320917e-01 -5.614148e-02

5
haar_feature 1
2
10 14 9 12 0 -1
13 14 3 12 0 3
haar_x3_0
-4.022182e-02 -8.164591e-01 1.972181e-02
0.000000e+00 0.000000e+00 0.000000e+00
-1.534543e-03 1.828203e-01 -1.110143e-01

5
hog_feature 3
15
12 12 6 12
4_cells_hog
5.741238e+02 -3.004442e-02 7.401590e-01
0.000000e+00 0.000000e+00 0.000000e+00
3.688496e+01 -7.774442e-02 2.141772e-01

5
haar_feature 1
2
20 0 7 9 0 -1
20 3 7 3 0 3
haar_y3_0
1.241961e-03 -5.909235e-02 9.262369e-02
0.000000e+00 0.000000e+00 0.000000e+00
2.874585e-03 -1.470842e-01 2.164437e-01

5
haar_feature 1
2
28 14 12 19 0 -1
32 14 4 19 0 2
haar_x3_3
-4.555139e-02 2.720769e-02 -5.957779e-01
0.000000e+00 0.000000e+00 0.000000e+00
-1.323143e-01 -1.613167e-01 1.175986e-01

5
hog_feature 3
17
10 20 6 6
4_cells_hog
1.234628e+02 -3.406691e-02 1.952856e-01
0.000000e+00 0.000000e+00 0.000000e+00
1.185231e+01 1.388924e-01 -2.329218e-01

5
hog_feature 3
7
16 8 20 20
4_cells_hog
1.434974e+02 2.273789e-01 -7.073040e-02
0.000000e+00 0.000000e+00 0.000000e+00
7.865710e+02 -6.133696e-02 3.539044e-01

5
hog_feature 3
1
0 4 14 28
4_cells_hog
7.817958e+02 2.573323e-02 -7.010022e-01
0.000000e+00 0.000000e+00 0.000000e+00
6.094379e+02 3.720585e-02 -5.100070e-01

5
haar_feature 1
2
22 0 9 10 0 -1
28 0 3 10 0 3
haar_x3_2
5.760629e-02 1.644167e-02 -8.433043e-01
0.000000e+00 0.000000e+00 0.000000e+00
-3.743730e-02 -4.021718e-01 3.797918e-02

5
hog_feature 3
18
4 10 18 18
4_cells_hog
1.647585e+01 -6.456011e-01 1.651545e-02
0.000000e+00 0.000000e+00 0.000000e+00
5.872581e+02 -1.070037e-01 1.927351e-01

5
hog_feature 3
32
4 10 22 22
4_cells_hog
4.753482e+02 -8.470393e-02 1.575726e-01
0.000000e+00 0.000000e+00 0.000000e+00
1.871322e+02 5.900406e-02 -3.984440e-01

5
var_feature 2
1
0 12 34 28
one_rect_var
3.215328e+03 4.466109e-02 -3.305225e-01
0.000000e+00 0.000000e+00 0.000000e+00
5.147192e+03 2.117785e-02 -8.386837e-01

5
haar_feature 1
2
24 34 15 6 0 -1
29 34 5 6 0 2
haar_x3_3
-4.586541e-02 -1.815873e-01 1.405475e-01
0.000000e+00 0.000000e+00 0.000000e+00
-4.177215e-02 -8.759947e-02 7.560416e-02

5
hog_feature 3
5
12 0 18 36
4_cells_hog
6.630255e+02 4.435823e-02 -5.044872e-01
0.000000e+00 0.000000e+00 0.000000e+00
8.466065e+02 1.607219e-02 -6.660326e-01

5
hog_feature 3
25
14 12 12 6
4_cells_hog
5.333587e+02 -3.194156e-02 5.292877e-01
0.000000e+00 0.000000e+00 0.000000e+00
8.944458e+00 -2.117620e-01 9.618294e-02

5
hog_feature 3
8
12 0 8 4
4_cells_hog
1.822705e+01 1.001643e-01 -1.491896e-01
0.000000e+00 0.000000e+00 0.000000e+00
7.736621e+01 6.110519e-02 -3.324217e-01

5
haar_feature 1
2
8 10 19 21 0 -1
8 17 19 7 0 3
haar_y3_0
-7.040678e-02 -6.058248e-01 3.029785e-02
0.000000e+00 0.000000e+00 0.000000e+00
-2.475924e-02 -2.951612e-01 5.134023e-02

5
haar_feature 1
2
24 14 3 12 0 -1
24 18 3 4 0 3
haar_y3_0
2.135088e-02 4.389689e-03 -6.226242e-01
0.000000e+00 0.000000e+00 0.000000e+00
-1.635609e-03 2.429237e-01 -1.520217e-01

1
hog_feature 3
27
8 18 14 14
4_cells_hog
1.796526e+02 8.514584e-02 -2.667001e-01
0.000000e+00 0.000000e+00 0.000000e+00
0.000000e+00 0.000000e+00 0.000000e+00

1
hog_feature 3
10
16 2 18 18
4_cells_hog
1.520776e+02 -2.124351e-01 1.220831e-01
0.000000e+00 0.000000e+00 0.000000e+00
0.000000e+00 0.000000e+00 0.000000e+00

1
hog_feature 3
26
10 24 12 12
4_cells_hog
2.348209e+02 -1.169456e-01 2.066382e-01
0.000000e+00 0.000000e+00 0.000000e+00
0.000000e+00 0.000000e+00 0.000000e+00

1
hog_feature 3
26
24 26 6 12
4_cells_hog
1.790771e+01 1.543523e-01 -1.416548e-01
0.000000e+00 0.000000e+00 0.000000e+00
0.000000e+00 0.000000e+00 0.000000e+00

1
hog_feature 3
10
10 6 10 10
4_cells_hog
2.236068e+00 2.430249e-01 -9.267478e-02
0.000000e+00 0.000000e+00 0.000000e+00
0.000000e+00 0.000000e+00 0.000000e+00

1
hog_feature 3
4
2 0 18 36
4_cells_hog
2.075239e+03 -3.216412e-02 6.413220e-01
0.000000e+00 0.000000e+00 0.000000e+00
0.000000e+00 0.000000e+00 0.000000e+00

1
hog_feature 3
20
12 10 26 26
4_cells_hog
2.350190e+02 -1.795127e-01 1.204723e-01
0.000000e+00 0.000000e+00 0.000000e+00
0.000000e+00 0.000000e+00 0.000000e+00

1
var_feature 2
1
6 0 11 28
one_rect_var
4.405764e+02 3.419625e-01 -6.671590e-02
0.000000e+00 0.000000e+00 0.000000e+00
0.000000e+00 0.000000e+00 0.000000e+00

1
haar_feature 1
2
10 14 15 18 0 -1
10 20 15 6 0 2
haar_y3_3
-5.647323e-02 2.516167e-02 -9.052199e-01
0.000000e+00 0.000000e+00 0.000000e+00
0.000000e+00 0.000000e+00 0.000000e+00

1
haar_feature 1
2
12 2 13 9 0 -1
12 5 13 3 0 3
haar_y3_0
-2.188259e-03 1.755549e-01 -1.165337e-01
0.000000e+00 0.000000e+00 0.000000e+00
0.000000e+00 0.000000e+00 0.000000e+00

1
haar_feature 1
2
10 18 21 7 0 -1
17 18 7 7 0 3
haar_x3_0
-2.661479e-02 2.949768e-01 -6.785880e-02
0.000000e+00 0.000000e+00 0.000000e+00
0.000000e+00 0.000000e+00 0.000000e+00

1
haar_feature 1
2
22 0 16 36 0 -1
22 24 16 12 0 2
haar_y3_5
-2.071058e-01 -9.137887e-02 2.433434e-01
0.000000e+00 0.000000e+00 0.000000e+00
0.000000e+00 0.000000e+00 0.000000e+00

1
haar_feature 1
2
30 12 9 3 0 -1
33 12 3 3 0 2
haar_x3_3
-3.152315e-03 3.301483e-02 -7.322388e-01
0.000000e+00 0.000000e+00 0.000000e+00
0.000000e+00 0.000000e+00 0.000000e+00

71
1 3 4 6 9 10 12 15 16 18 20 22 25 26 28 30 32 34 35 38 39 41 43 45 48 49 50 52 54 56 59 60 62 64 66 68 70 73 74 76 77 79 80 81 82 83 84 85 86 87 88 89 90 91 92 93 94 95 96 97 98 99 100 101 102 103 104 105 106 107 108 
-1.258620e+00
41
0 2 4 6 8 11 12 14 17 19 20 22 24 26 28 30 33 34 36 37 39 42 43 45 47 49 50 53 54 57 58 60 63 64 66 69 71 72 74 75 77 
-1.535705e+00
58
1 3 5 7 9 11 13 15 17 19 21 23 25 27 29 31 33 34 36 38 40 42 44 46 48 49 51 53 55 57 59 61 63 65 67 69 71 73 74 76 78 79 80 81 82 83 84 85 86 87 88 89 90 91 92 93 94 95 
-1.399400e+00

18
-1
