9
1
haar_feature 1
2
4 24 21 11 0 -1
11 24 7 11 0 3
haar_x3_0
-5.908810e-02 -1.000000e+00 8.446602e-01
0.000000e+00 0.000000e+00 0.000000e+00
0.000000e+00 0.000000e+00 0.000000e+00

6
haar_feature 1
2
12 28 10 12 0 -1
12 36 10 4 0 3
haar_y3_2
0.000000e+00 0.000000e+00 0.000000e+00
7.621051e-03 5.584416e-01 -5.555556e-01
4.411439e-03 7.722772e-01 -3.125000e-01

1
haar_feature 1
2
8 14 7 15 0 -1
8 19 7 5 0 3
haar_y3_0
1.475456e-03 7.541370e-01 -6.975811e-01
0.000000e+00 0.000000e+00 0.000000e+00
0.000000e+00 0.000000e+00 0.000000e+00

6
hog_feature 3
25
2 26 20 10
4_cells_hog
0.000000e+00 0.000000e+00 0.000000e+00
2.769868e+02 -3.816366e-01 7.059875e-01
1.160222e+02 -4.623297e-01 3.660401e-01

3
hog_feature 3
15
16 0 12 6
4_cells_hog
3.791547e+01 5.749048e-01 -5.736185e-01
2.214546e+01 4.195519e-01 -5.506291e-01
0.000000e+00 0.000000e+00 0.000000e+00

4
hog_feature 3
23
10 20 6 12
4_cells_hog
0.000000e+00 0.000000e+00 0.000000e+00
0.000000e+00 0.000000e+00 0.000000e+00
8.339812e+01 -3.753855e-01 1.000001e+00

6
hog_feature 3
3
4 16 32 16
4_cells_hog
0.000000e+00 0.000000e+00 0.000000e+00
2.692512e+02 5.506703e-01 -4.084758e-01
4.746566e+02 -3.287337e-01 5.021477e-01

6
hog_feature 3
2
0 6 20 20
4_cells_hog
0.000000e+00 0.000000e+00 0.000000e+00
5.013931e+02 2.121806e-01 -7.883480e-01
7.717600e+02 3.205427e-01 -9.487336e-01

2
var_feature 2
1
20 0 10 21
one_rect_var
0.000000e+00 0.000000e+00 0.000000e+00
2.946815e+03 -3.401239e-01 9.125598e-01
0.000000e+00 0.000000e+00 0.000000e+00

3
0 2 4 
7.219840e-01
6
1 3 4 6 7 8 
-9.102432e-01
5
1 3 5 6 7 
-7.362890e-02

14
-1
