58
2
hog_feature 3
34
4 4 28 28
4_cells_hog
0.000000e+00 0.000000e+00 0.000000e+00
2.450737e+02 -1.451028e-02 -7.331312e-01
0.000000e+00 0.000000e+00 0.000000e+00

5
haar_feature 1
2
6 22 8 9 0 -1
10 22 4 9 0 2
haar_x2
3.506880e-02 -3.894426e-01 2.558140e-01
0.000000e+00 0.000000e+00 0.000000e+00
4.071347e-02 -4.208779e-01 5.937500e-01

2
haar_feature 1
2
24 26 3 6 0 -1
24 29 3 3 0 2
haar_y2
0.000000e+00 0.000000e+00 0.000000e+00
-8.368510e-04 2.350515e-01 -4.820509e-01
0.000000e+00 0.000000e+00 0.000000e+00

5
hog_feature 3
18
18 8 20 10
4_cells_hog
2.890643e+02 -2.673829e-01 1.684693e-01
0.000000e+00 0.000000e+00 0.000000e+00
4.245229e+02 -1.759562e-01 3.498528e-01

1
haar_feature 1
2
20 14 6 6 0 -1
20 17 6 3 0 2
haar_y2
4.219213e-03 -1.472164e-01 3.834263e-01
0.000000e+00 0.000000e+00 0.000000e+00
0.000000e+00 0.000000e+00 0.000000e+00

6
hog_feature 3
19
10 16 8 16
4_cells_hog
0.000000e+00 0.000000e+00 0.000000e+00
3.829588e+01 1.957475e-01 -5.135434e-01
3.454663e+01 2.228642e-01 -2.863036e-01

3
hog_feature 3
35
24 8 14 14
4_cells_hog
6.596619e+01 1.946346e-01 -1.317307e-01
1.136504e+02 -4.575446e-01 2.231416e-01
0.000000e+00 0.000000e+00 0.000000e+00

4
haar_feature 1
2
16 22 13 15 0 -1
16 27 13 5 0 3
haar_y3_0
0.000000e+00 0.000000e+00 0.000000e+00
0.000000e+00 0.000000e+00 0.000000e+00
1.707526e-02 -2.421466e-01 3.287756e-01

2
hog_feature 3
5
0 6 14 28
4_cells_hog
0.000000e+00 0.000000e+00 0.000000e+00
1.236968e+02 2.796029e-01 -4.072159e-01
0.000000e+00 0.000000e+00 0.000000e+00

5
hog_feature 3
13
2 4 22 22
4_cells_hog
1.121961e+02 1.694177e-01 -1.724902e-01
0.000000e+00 0.000000e+00 0.000000e+00
4.616785e+02 8.136101e-02 -8.506353e-01

2
haar_feature 1
2
12 12 5 12 0 -1
12 12 5 4 0 3
haar_y3_1
0.000000e+00 0.000000e+00 0.000000e+00
5.472982e-03 -4.834790e-01 2.600357e-01
0.000000e+00 0.000000e+00 0.000000e+00

5
hog_feature 3
34
8 22 8 16
4_cells_hog
2.849642e+02 -1.160049e-01 3.976908e-01
0.000000e+00 0.000000e+00 0.000000e+00
3.182441e+02 -1.070960e-01 4.868196e-01

3
hog_feature 3
28
18 24 14 14
4_cells_hog
2.305516e+02 -1.129385e-01 3.577401e-01
2.459808e+02 -2.107591e-01 4.500149e-01
0.000000e+00 0.000000e+00 0.000000e+00

4
hog_feature 3
32
8 24 16 8
4_cells_hog
0.000000e+00 0.000000e+00 0.000000e+00
0.000000e+00 0.000000e+00 0.000000e+00
1.120251e+01 2.794732e-01 -2.815672e-01

1
var_feature 2
1
20 18 7 4
one_rect_var
2.859280e+02 2.393299e-01 -1.798458e-01
0.000000e+00 0.000000e+00 0.000000e+00
0.000000e+00 0.000000e+00 0.000000e+00

6
var_feature 2
1
16 18 4 6
one_rect_var
0.000000e+00 0.000000e+00 0.000000e+00
3.772559e+01 -9.010689e-01 1.179487e-01
3.463613e+02 9.525891e-02 -5.410096e-01

2
hog_feature 3
19
2 0 12 6
4_cells_hog
0.000000e+00 0.000000e+00 0.000000e+00
1.575778e+01 2.284870e-01 -4.833013e-01
0.000000e+00 0.000000e+00 0.000000e+00

5
hog_feature 3
10
2 4 30 30
4_cells_hog
2.632347e+03 -7.521035e-02 5.246268e-01
0.000000e+00 0.000000e+00 0.000000e+00
2.359016e+03 -1.013977e-01 6.301069e-01

1
hog_feature 3
16
8 4 14 28
4_cells_hog
5.754290e+02 -1.883265e-01 3.056376e-01
0.000000e+00 0.000000e+00 0.000000e+00
0.000000e+00 0.000000e+00 0.000000e+00

6
hog_feature 3
7
6 14 14 14
4_cells_hog
0.000000e+00 0.000000e+00 0.000000e+00
1.045320e+02 -3.862953e-01 2.001328e-01
4.507001e+02 -9.459546e-02 5.128711e-01

3
hog_feature 3
12
2 8 36 18
4_cells_hog
5.168875e+02 6.588097e-02 -4.059916e-01
4.181202e+02 1.966349e-01 -4.775033e-01
0.000000e+00 0.000000e+00 0.000000e+00

4
hog_feature 3
27
10 30 12 6
4_cells_hog
0.000000e+00 0.000000e+00 0.000000e+00
0.000000e+00 0.000000e+00 0.000000e+00
1.610364e+01 2.221441e-01 -3.227648e-01

2
hog_feature 3
4
16 2 16 16
4_cells_hog
0.000000e+00 0.000000e+00 0.000000e+00
8.878873e+01 -6.158791e-01 1.569155e-01
0.000000e+00 0.000000e+00 0.000000e+00

5
hog_feature 3
1
22 16 14 14
4_cells_hog
3.310043e+01 -3.059182e-01 5.331819e-02
0.000000e+00 0.000000e+00 0.000000e+00
5.264575e+01 -5.371441e-01 1.484637e-01

3
hog_feature 3
4
6 26 10 10
4_cells_hog
1.900003e+01 1.314013e-01 -1.629030e-01
1.104539e+01 2.700515e-01 -3.598167e-01
0.000000e+00 0.000000e+00 0.000000e+00

4
hog_feature 3
15
4 6 32 16
4_cells_hog
0.000000e+00 0.000000e+00 0.000000e+00
0.000000e+00 0.000000e+00 0.000000e+00
1.584589e+02 2.500945e-01 -2.744421e-01

2
haar_feature 1
2
10 18 21 14 0 -1
10 18 7 14 0 3
haar_x3_1
0.000000e+00 0.000000e+00 0.000000e+00
-6.629739e-02 -8.274044e-01 1.106938e-01
0.000000e+00 0.000000e+00 0.000000e+00

5
hog_feature 3
26
8 18 24 12
4_cells_hog
8.905164e+01 -6.252724e-01 7.539285e-02
0.000000e+00 0.000000e+00 0.000000e+00
3.998117e+01 -6.126580e-01 7.545757e-02

7
haar_feature 1
2
12 4 15 23 0 -1
22 4 5 23 0 3
haar_x3_2
-1.123947e-01 -5.530822e-01 4.899263e-02
-4.382460e-02 -6.109859e-01 1.080449e-01
-1.474269e-01 -9.117680e-01 2.421279e-02

2
hog_feature 3
13
24 18 10 20
4_cells_hog
0.000000e+00 0.000000e+00 0.000000e+00
1.458071e+02 1.346794e-01 -6.645365e-01
0.000000e+00 0.000000e+00 0.000000e+00

5
hog_feature 3
7
14 2 24 12
4_cells_hog
6.033373e+01 -3.757447e-01 6.730549e-02
0.000000e+00 0.000000e+00 0.000000e+00
1.911411e+02 -2.350367e-01 2.050379e-01

1
hog_feature 3
7
10 0 8 8
4_cells_hog
3.499598e+01 1.518789e-01 -3.300262e-01
0.000000e+00 0.000000e+00 0.000000e+00
0.000000e+00 0.000000e+00 0.000000e+00

6
hog_feature 3
35
14 20 14 14
4_cells_hog
0.000000e+00 0.000000e+00 0.000000e+00
3.412500e+01 2.100802e-01 -3.134470e-01
1.238823e+02 1.492722e-01 -3.634870e-01

1
hog_feature 3
11
0 18 16 16
4_cells_hog
2.813535e+02 -1.539437e-01 3.129435e-01
0.000000e+00 0.000000e+00 0.000000e+00
0.000000e+00 0.000000e+00 0.000000e+00

6
hog_feature 3
28
0 16 36 18
4_cells_hog
0.000000e+00 0.000000e+00 0.000000e+00
1.244407e+02 -7.403016e-01 1.292365e-01
8.757318e+01 -7.306376e-01 4.772948e-02

5
hog_feature 3
10
18 0 20 10
4_cells_hog
4.157703e+02 6.009483e-02 -6.401323e-01
0.000000e+00 0.000000e+00 0.000000e+00
6.072329e+01 2.231812e-01 -2.239597e-01

5
haar_feature 1
2
16 16 24 11 0 -1
16 16 8 11 0 2
haar_x3_4
-1.598658e-01 -2.661824e-01 1.187369e-01
0.000000e+00 0.000000e+00 0.000000e+00
-1.687007e-01 -2.796088e-01 1.550047e-01

5
var_feature 2
1
12 20 17 13
one_rect_var
1.981815e+03 8.564769e-02 -4.796269e-01
0.000000e+00 0.000000e+00 0.000000e+00
4.613555e+02 2.183075e-01 -1.817746e-01

5
hog_feature 3
22
18 24 14 14
4_cells_hog
9.810507e+01 1.125040e-01 -3.108263e-01
0.000000e+00 0.000000e+00 0.000000e+00
4.955822e+02 4.643767e-02 -8.277788e-01

5
haar_feature 1
2
12 34 25 6 0 -1
12 37 25 3 0 2
haar_y2
-8.490064e-03 3.056242e-01 -1.688480e-01
0.000000e+00 0.000000e+00 0.000000e+00
-1.984449e-02 3.540170e-01 -7.634108e-02

5
hog_feature 3
32
8 14 14 14
4_cells_hog
1.634229e+01 -7.264856e-01 5.897279e-02
0.000000e+00 0.000000e+00 0.000000e+00
2.635522e+01 1.350094e-01 -1.921951e-01

5
var_feature 2
1
20 12 5 4
one_rect_var
2.030424e+02 -3.303349e-01 1.139308e-01
0.000000e+00 0.000000e+00 0.000000e+00
1.840887e+01 -5.524923e-01 5.488868e-02

5
hog_feature 3
24
22 0 8 16
4_cells_hog
4.899870e+01 1.253910e-01 -2.477419e-01
0.000000e+00 0.000000e+00 0.000000e+00
5.830978e+00 2.804199e-01 -1.634935e-01

5
haar_feature 1
2
18 14 3 9 0 -1
18 14 3 3 0 3
haar_y3_1
-4.089399e-03 -1.442757e-01 6.164381e-02
0.000000e+00 0.000000e+00 0.000000e+00
8.437200e-05 1.766627e-01 -3.841744e-01

5
hog_feature 3
3
8 8 28 14
4_cells_hog
1.357057e+02 1.226409e-01 -2.179120e-01
0.000000e+00 0.000000e+00 0.000000e+00
4.212378e+02 4.579313e-02 -8.192359e-01

5
haar_feature 1
2
4 2 33 12 0 -1
26 2 11 12 0 2
haar_x3_5
-1.814720e-02 4.070713e-02 -6.733389e-01
0.000000e+00 0.000000e+00 0.000000e+00
-3.493797e-01 -4.338539e-01 9.890141e-02

5
haar_feature 1
2
14 8 12 16 0 -1
20 8 6 16 0 2
haar_x2
4.232074e-02 4.150527e-02 -3.260391e-01
0.000000e+00 0.000000e+00 0.000000e+00
1.582962e-02 1.274676e-01 -4.316277e-01

5
hog_feature 3
0
0 2 28 28
4_cells_hog
1.085845e+03 9.906863e-02 -4.531114e-01
0.000000e+00 0.000000e+00 0.000000e+00
2.102329e+03 3.223734e-02 -4.259197e-01

1
hog_feature 3
24
2 18 8 16
4_cells_hog
1.209079e+01 2.501140e-01 -1.769878e-01
0.000000e+00 0.000000e+00 0.000000e+00
0.000000e+00 0.000000e+00 0.000000e+00

1
hog_feature 3
30
6 6 32 32
4_cells_hog
1.119702e+03 6.028940e-02 -7.235219e-01
0.000000e+00 0.000000e+00 0.000000e+00
0.000000e+00 0.000000e+00 0.000000e+00

1
hog_feature 3
32
6 12 18 18
4_cells_hog
2.494270e+02 -1.936147e-01 2.305301e-01
0.000000e+00 0.000000e+00 0.000000e+00
0.000000e+00 0.000000e+00 0.000000e+00

1
haar_feature 1
2
18 12 8 28 0 -1
18 26 8 14 0 2
haar_y2
1.460985e-02 1.158270e-01 -3.818853e-01
0.000000e+00 0.000000e+00 0.000000e+00
0.000000e+00 0.000000e+00 0.000000e+00

1
haar_feature 1
3
24 0 6 12 0 -1
24 0 3 6 0 2
27 6 3 6 0 2
haar_x2_y2
5.528403e-03 -1.172116e-01 3.719081e-01
0.000000e+00 0.000000e+00 0.000000e+00
0.000000e+00 0.000000e+00 0.000000e+00

1
haar_feature 1
2
16 0 4 36 0 -1
16 24 4 12 0 3
haar_y3_2
-5.710956e-02 -4.620698e-01 9.625512e-02
0.000000e+00 0.000000e+00 0.000000e+00
0.000000e+00 0.000000e+00 0.000000e+00

1
hog_feature 3
32
16 2 16 16
4_cells_hog
6.685025e+01 1.628627e-01 -2.772493e-01
0.000000e+00 0.000000e+00 0.000000e+00
0.000000e+00 0.000000e+00 0.000000e+00

1
hog_feature 3
8
20 4 14 28
4_cells_hog
1.061916e+02 -6.910375e-01 6.038304e-02
0.000000e+00 0.000000e+00 0.000000e+00
0.000000e+00 0.000000e+00 0.000000e+00

1
hog_feature 3
26
20 30 16 8
4_cells_hog
4.759998e+01 1.986933e-01 -2.215266e-01
0.000000e+00 0.000000e+00 0.000000e+00
0.000000e+00 0.000000e+00 0.000000e+00

1
var_feature 2
1
18 36 17 4
one_rect_var
5.649109e+01 -7.019739e-01 5.502114e-02
0.000000e+00 0.000000e+00 0.000000e+00
0.000000e+00 0.000000e+00 0.000000e+00

41
1 3 4 6 9 11 12 14 17 18 20 23 24 27 28 30 31 33 35 36 37 38 39 40 41 42 43 44 45 46 47 48 49 50 51 52 53 54 55 56 57 
-1.498129e+00
18
0 2 5 6 8 10 12 15 16 19 20 22 24 26 28 29 32 34 
-1.897528e+00
31
1 3 5 7 9 11 13 15 17 19 21 23 25 27 28 30 32 34 35 36 37 38 39 40 41 42 43 44 45 46 47 
-1.670675e+00

9
-1
