15
3
hog_feature 3
8
16 4 20 10
4_cells_hog
1.263682e+02 -9.428571e-01 -2.425532e-01
3.995460e+02 -7.812500e-01 7.042254e-02
0.000000e+00 0.000000e+00 0.000000e+00

4
hog_feature 3
6
2 12 26 26
4_cells_hog
0.000000e+00 0.000000e+00 0.000000e+00
0.000000e+00 0.000000e+00 0.000000e+00
5.326069e+02 9.900990e-03 -7.721519e-01

1
haar_feature 1
3
16 24 8 14 0 -1
16 24 4 7 0 2
20 31 4 7 0 2
haar_x2_y2
-6.343748e-04 2.918722e-01 -6.848764e-01
0.000000e+00 0.000000e+00 0.000000e+00
0.000000e+00 0.000000e+00 0.000000e+00

6
hog_feature 3
2
22 16 10 10
4_cells_hog
0.000000e+00 0.000000e+00 0.000000e+00
3.768628e+01 2.592779e-01 -6.702052e-01
1.950421e+01 -5.672679e-01 1.361036e-01

3
hog_feature 3
35
18 24 6 12
4_cells_hog
5.798694e+01 3.028618e-01 -5.793768e-01
4.103259e+01 2.474757e-01 -6.756536e-01
0.000000e+00 0.000000e+00 0.000000e+00

4
hog_feature 3
0
8 18 6 12
4_cells_hog
0.000000e+00 0.000000e+00 0.000000e+00
0.000000e+00 0.000000e+00 0.000000e+00
4.753833e+01 -6.998079e-01 2.830428e-01

1
hog_feature 3
32
10 16 10 10
4_cells_hog
8.059875e+01 -6.503405e-01 3.290210e-01
0.000000e+00 0.000000e+00 0.000000e+00
0.000000e+00 0.000000e+00 0.000000e+00

6
haar_feature 1
2
18 20 3 15 0 -1
18 25 3 5 0 3
haar_y3_0
0.000000e+00 0.000000e+00 0.000000e+00
9.652614e-03 -4.008692e-01 6.051202e-01
1.066087e-02 -2.661617e-01 3.911373e-01

2
haar_feature 1
2
22 16 4 24 0 -1
22 16 4 8 0 3
haar_y3_1
0.000000e+00 0.000000e+00 0.000000e+00
7.838733e-04 -8.502418e-01 3.300456e-01
0.000000e+00 0.000000e+00 0.000000e+00

5
hog_feature 3
22
16 28 12 6
4_cells_hog
2.604800e+01 2.851601e-01 -6.168302e-01
0.000000e+00 0.000000e+00 0.000000e+00
2.811581e+01 1.971718e-01 -6.044477e-01

3
hog_feature 3
34
14 2 14 28
4_cells_hog
3.002482e+02 -7.734941e-01 2.414428e-01
1.560836e+02 -7.592653e-01 7.936601e-02
0.000000e+00 0.000000e+00 0.000000e+00

4
hog_feature 3
27
12 2 18 18
4_cells_hog
0.000000e+00 0.000000e+00 0.000000e+00
0.000000e+00 0.000000e+00 0.000000e+00
4.875437e+02 -6.200636e-01 3.672033e-01

6
hog_feature 3
29
8 28 20 10
4_cells_hog
0.000000e+00 0.000000e+00 0.000000e+00
1.083175e+02 2.404981e-01 -7.651502e-01
2.309906e+01 3.487352e-01 -3.773736e-01

6
haar_feature 1
2
6 14 21 21 0 -1
6 21 21 7 0 3
haar_y3_0
0.000000e+00 0.000000e+00 0.000000e+00
-4.301522e-02 -7.109285e-01 7.016112e-02
5.108953e-02 -3.810782e-01 4.903207e-01

4
var_feature 2
1
24 22 4 13
one_rect_var
0.000000e+00 0.000000e+00 0.000000e+00
0.000000e+00 0.000000e+00 0.000000e+00
5.959307e+02 4.275139e-01 -5.201157e-01

6
0 2 4 6 9 10 
-7.864937e-01
8
0 3 4 7 8 10 12 13 
-1.723409e+00
9
1 3 5 7 9 11 12 13 14 
-1.551058e+00

8
-1
