16
2
hog_feature 3
35
16 22 10 10
4_cells_hog
0.000000e+00 0.000000e+00 0.000000e+00
2.683838e+01 1.255411e-01 -6.763754e-01
0.000000e+00 0.000000e+00 0.000000e+00

5
hog_feature 3
18
8 16 10 10
4_cells_hog
1.123963e+02 -7.154150e-01 3.484321e-03
0.000000e+00 0.000000e+00 0.000000e+00
1.407543e+02 -6.184211e-01 3.389831e-02

3
hog_feature 3
7
20 2 10 10
4_cells_hog
1.005613e+02 -6.388561e-01 2.796133e-01
3.247960e+01 -5.299296e-01 1.429897e-01
0.000000e+00 0.000000e+00 0.000000e+00

4
hog_feature 3
1
16 28 20 10
4_cells_hog
0.000000e+00 0.000000e+00 0.000000e+00
0.000000e+00 0.000000e+00 0.000000e+00
1.996594e+01 4.362776e-01 -5.022641e-01

3
hog_feature 3
20
12 10 10 10
4_cells_hog
3.330341e+01 -6.466266e-01 1.355441e-01
2.357181e+02 -3.918743e-01 4.741934e-01
0.000000e+00 0.000000e+00 0.000000e+00

4
hog_feature 3
35
18 22 16 16
4_cells_hog
0.000000e+00 0.000000e+00 0.000000e+00
0.000000e+00 0.000000e+00 0.000000e+00
1.807415e+02 -6.171531e-01 3.252258e-01

2
haar_feature 1
2
10 20 21 8 0 -1
10 20 7 8 0 3
haar_x3_1
0.000000e+00 0.000000e+00 0.000000e+00
3.770726e-02 2.007197e-01 -8.937683e-01
0.000000e+00 0.000000e+00 0.000000e+00

5
hog_feature 3
16
20 0 18 18
4_cells_hog
1.733096e+02 3.149886e-01 -5.386171e-01
0.000000e+00 0.000000e+00 0.000000e+00
9.747290e+01 4.071013e-01 -3.649970e-01

3
hog_feature 3
9
14 8 8 8
4_cells_hog
9.389896e+01 -6.441275e-01 2.957658e-01
3.250427e+01 -5.358894e-01 1.673601e-01
0.000000e+00 0.000000e+00 0.000000e+00

4
haar_feature 1
2
22 14 9 13 0 -1
25 14 3 13 0 2
haar_x3_3
0.000000e+00 0.000000e+00 0.000000e+00
0.000000e+00 0.000000e+00 0.000000e+00
-6.275148e-02 -4.998241e-01 4.428018e-01

1
haar_feature 1
3
20 14 14 6 0 -1
20 14 7 3 0 2
27 17 7 3 0 2
haar_x2_y2
-4.916273e-03 5.289876e-01 -4.284047e-01
0.000000e+00 0.000000e+00 0.000000e+00
0.000000e+00 0.000000e+00 0.000000e+00

6
hog_feature 3
25
10 0 18 36
4_cells_hog
0.000000e+00 0.000000e+00 0.000000e+00
9.965973e+02 -5.206785e-01 3.338557e-01
1.241681e+03 -2.957559e-01 3.567575e-01

1
hog_feature 3
19
18 20 6 12
4_cells_hog
4.119885e+01 -5.173271e-01 4.129691e-01
0.000000e+00 0.000000e+00 0.000000e+00
0.000000e+00 0.000000e+00 0.000000e+00

6
var_feature 2
1
16 28 12 5
one_rect_var
0.000000e+00 0.000000e+00 0.000000e+00
5.824058e+02 2.959389e-01 -3.740500e-01
5.028098e+02 5.380465e-01 -3.483655e-01

6
hog_feature 3
4
0 4 12 24
4_cells_hog
0.000000e+00 0.000000e+00 0.000000e+00
4.666674e+01 5.836960e-01 -2.005183e-01
4.747686e+02 -2.922620e-01 5.719333e-01

2
hog_feature 3
4
8 14 28 14
4_cells_hog
0.000000e+00 0.000000e+00 0.000000e+00
3.499896e+02 -6.953918e-01 3.381635e-01
0.000000e+00 0.000000e+00 0.000000e+00

7
1 2 4 7 8 10 12 
-1.471342e+00
9
0 2 4 6 8 11 13 14 15 
-1.467868e+00
8
1 3 5 7 9 11 13 14 
-1.171805e+00

10
-1
