16
1
hog_feature 3
28
10 22 6 12
4_cells_hog
3.773334e+01 -3.115265e-03 -8.173516e-01
0.000000e+00 0.000000e+00 0.000000e+00
0.000000e+00 0.000000e+00 0.000000e+00

6
hog_feature 3
6
22 28 6 6
4_cells_hog
0.000000e+00 0.000000e+00 0.000000e+00
7.313892e+01 -2.567850e-01 -9.344262e-01
2.135535e+01 -7.299270e-01 7.518797e-02

3
hog_feature 3
18
26 20 10 10
4_cells_hog
1.675420e+02 -4.697291e-01 2.983983e-01
4.294263e+01 -8.527083e-01 1.339375e-01
0.000000e+00 0.000000e+00 0.000000e+00

4
hog_feature 3
7
8 26 20 10
4_cells_hog
0.000000e+00 0.000000e+00 0.000000e+00
0.000000e+00 0.000000e+00 0.000000e+00
3.806330e+02 -5.079650e-01 3.683140e-01

2
hog_feature 3
16
14 8 14 28
4_cells_hog
0.000000e+00 0.000000e+00 0.000000e+00
6.000872e+02 -5.801827e-01 3.210215e-01
0.000000e+00 0.000000e+00 0.000000e+00

5
hog_feature 3
25
2 4 18 18
4_cells_hog
4.243350e+02 2.110499e-01 -8.325478e-01
0.000000e+00 0.000000e+00 0.000000e+00
4.366306e+02 1.775378e-01 -7.110770e-01

2
hog_feature 3
5
20 2 10 20
4_cells_hog
0.000000e+00 0.000000e+00 0.000000e+00
8.415988e+01 4.045497e-01 -5.956067e-01
0.000000e+00 0.000000e+00 0.000000e+00

5
haar_feature 1
3
14 12 22 8 0 -1
14 12 11 4 0 2
25 16 11 4 0 2
haar_x2_y2
-5.320402e-03 4.517758e-01 -5.130191e-01
0.000000e+00 0.000000e+00 0.000000e+00
1.646898e-02 4.839240e-02 -8.874561e-01

2
hog_feature 3
24
24 16 8 4
4_cells_hog
0.000000e+00 0.000000e+00 0.000000e+00
1.665207e+01 -4.609708e-01 4.531682e-01
0.000000e+00 0.000000e+00 0.000000e+00

5
haar_feature 1
2
12 10 14 30 0 -1
12 30 14 10 0 3
haar_y3_2
6.104900e-02 1.658926e-01 -9.269649e-01
0.000000e+00 0.000000e+00 0.000000e+00
-1.993059e-01 -9.797180e-01 1.334842e-01

3
haar_feature 1
2
16 28 7 9 0 -1
16 31 7 3 0 3
haar_y3_0
-5.944433e-04 -6.976391e-01 1.674998e-01
-1.256881e-03 3.221655e-01 -4.902775e-01
0.000000e+00 0.000000e+00 0.000000e+00

4
hog_feature 3
22
18 8 8 16
4_cells_hog
0.000000e+00 0.000000e+00 0.000000e+00
0.000000e+00 0.000000e+00 0.000000e+00
5.611121e+01 -6.526113e-01 3.039419e-01

3
hog_feature 3
1
0 0 32 16
4_cells_hog
1.888891e+02 3.054773e-01 -4.157519e-01
2.472089e+02 3.246312e-01 -4.511706e-01
0.000000e+00 0.000000e+00 0.000000e+00

4
hog_feature 3
23
10 4 10 20
4_cells_hog
0.000000e+00 0.000000e+00 0.000000e+00
0.000000e+00 0.000000e+00 0.000000e+00
1.059529e+02 2.775904e-01 -7.323876e-01

6
hog_feature 3
14
14 24 16 8
4_cells_hog
0.000000e+00 0.000000e+00 0.000000e+00
6.463538e+01 2.144819e-01 -6.519910e-01
1.046265e+02 1.647559e-01 -6.798351e-01

4
hog_feature 3
24
10 10 22 22
4_cells_hog
0.000000e+00 0.000000e+00 0.000000e+00
0.000000e+00 0.000000e+00 0.000000e+00
3.009550e+02 -9.515785e-01 2.072045e-01

7
0 2 5 7 9 10 12 
-1.132643e+00
8
1 2 4 6 8 10 12 14 
-1.486417e+00
9
1 3 5 7 9 11 13 14 15 
-1.086401e+00

9
-1
