17
2
haar_feature 1
3
18 22 12 8 0 -1
18 22 6 4 0 2
24 26 6 4 0 2
haar_x2_y2
0.000000e+00 0.000000e+00 0.000000e+00
-1.016432e-02 5.903614e-01 -5.010941e-01
0.000000e+00 0.000000e+00 0.000000e+00

5
hog_feature 3
14
16 0 10 10
4_cells_hog
6.760434e+01 -6.444445e-01 1.022222e-01
0.000000e+00 0.000000e+00 0.000000e+00
3.187892e+01 -1.254237e-01 -5.836735e-01

3
hog_feature 3
35
16 0 10 10
4_cells_hog
1.466234e+02 -5.841705e-01 1.281612e-01
2.816956e+02 -5.497465e-01 3.045719e-01
0.000000e+00 0.000000e+00 0.000000e+00

4
hog_feature 3
0
10 2 10 20
4_cells_hog
0.000000e+00 0.000000e+00 0.000000e+00
0.000000e+00 0.000000e+00 0.000000e+00
3.022140e+02 -5.471300e-01 2.938231e-01

3
var_feature 2
1
22 28 4 4
one_rect_var
4.991934e+02 1.487819e-01 -6.501336e-01
5.399023e+02 1.923743e-01 -9.244364e-01
0.000000e+00 0.000000e+00 0.000000e+00

4
haar_feature 1
2
20 34 18 6 0 -1
26 34 6 6 0 3
haar_x3_0
0.000000e+00 0.000000e+00 0.000000e+00
0.000000e+00 0.000000e+00 0.000000e+00
2.744401e-02 -2.730047e-01 6.812968e-01

1
hog_feature 3
34
8 28 8 8
4_cells_hog
7.991919e+01 -6.134348e-01 2.937793e-01
0.000000e+00 0.000000e+00 0.000000e+00
0.000000e+00 0.000000e+00 0.000000e+00

6
hog_feature 3
29
12 12 14 14
4_cells_hog
0.000000e+00 0.000000e+00 0.000000e+00
2.628635e+01 -6.685908e-01 7.956966e-02
5.730637e+01 -6.526192e-01 2.714126e-01

2
hog_feature 3
25
8 16 24 12
4_cells_hog
0.000000e+00 0.000000e+00 0.000000e+00
4.852334e+02 -5.166442e-01 3.920673e-01
0.000000e+00 0.000000e+00 0.000000e+00

5
hog_feature 3
13
0 24 28 14
4_cells_hog
5.096960e+02 5.697472e-02 -7.914277e-01
0.000000e+00 0.000000e+00 0.000000e+00
1.099656e+02 3.968196e-01 -4.587862e-01

1
hog_feature 3
5
14 22 8 8
4_cells_hog
3.668396e+01 -6.479512e-01 2.514926e-01
0.000000e+00 0.000000e+00 0.000000e+00
0.000000e+00 0.000000e+00 0.000000e+00

6
hog_feature 3
35
16 22 10 10
4_cells_hog
0.000000e+00 0.000000e+00 0.000000e+00
2.124780e+01 3.869312e-01 -3.803559e-01
1.056196e+02 1.650716e-01 -7.303783e-01

1
haar_feature 1
2
16 34 8 3 0 -1
20 34 4 3 0 2
haar_x2
-8.917092e-04 3.186364e-01 -5.690665e-01
0.000000e+00 0.000000e+00 0.000000e+00
0.000000e+00 0.000000e+00 0.000000e+00

6
hog_feature 3
20
18 22 8 16
4_cells_hog
0.000000e+00 0.000000e+00 0.000000e+00
7.569183e+01 1.418332e-01 -8.588142e-01
1.413940e+00 4.149933e-01 -3.432818e-01

2
hog_feature 3
34
22 32 12 6
4_cells_hog
0.000000e+00 0.000000e+00 0.000000e+00
7.946350e+01 -3.837429e-01 5.009749e-01
0.000000e+00 0.000000e+00 0.000000e+00

5
hog_feature 3
24
8 12 10 20
4_cells_hog
1.555418e+02 2.443684e-01 -4.401741e-01
0.000000e+00 0.000000e+00 0.000000e+00
3.045371e+01 -8.526551e-01 1.936192e-01

1
hog_feature 3
6
20 0 8 8
4_cells_hog
4.821822e+01 -4.460588e-01 4.459793e-01
0.000000e+00 0.000000e+00 0.000000e+00
0.000000e+00 0.000000e+00 0.000000e+00

9
1 2 4 6 9 10 12 15 16 
-1.354438e+00
8
0 2 4 7 8 11 13 14 
-1.150519e+00
8
1 3 5 7 9 11 13 15 
-1.240446e+00

11
-1
