85
2
haar_feature 1
2
10 20 13 8 0 -1
10 24 13 4 0 2
haar_y2
0.000000e+00 0.000000e+00 0.000000e+00
3.673038e-02 -5.241864e-01 2.763533e-01
0.000000e+00 0.000000e+00 0.000000e+00

5
haar_feature 1
2
12 0 16 32 0 -1
12 16 16 16 0 2
haar_y2
9.353209e-02 -4.383493e-01 -1.271618e-01
0.000000e+00 0.000000e+00 0.000000e+00
1.349120e-01 -4.817778e-01 1.184573e-01

2
hog_feature 3
26
2 12 14 14
4_cells_hog
0.000000e+00 0.000000e+00 0.000000e+00
2.257133e+02 -4.273863e-01 2.038506e-01
0.000000e+00 0.000000e+00 0.000000e+00

5
hog_feature 3
9
0 6 30 30
4_cells_hog
1.214820e+03 -3.130322e-01 1.794162e-01
0.000000e+00 0.000000e+00 0.000000e+00
7.654816e+02 -3.380229e-01 8.569707e-02

3
hog_feature 3
20
20 10 12 12
4_cells_hog
4.316151e+01 -1.688525e-01 8.454495e-02
4.496704e+01 -5.703669e-01 1.455124e-01
0.000000e+00 0.000000e+00 0.000000e+00

4
hog_feature 3
35
18 22 12 12
4_cells_hog
0.000000e+00 0.000000e+00 0.000000e+00
0.000000e+00 0.000000e+00 0.000000e+00
2.097718e+02 7.951605e-02 -6.940082e-01

2
hog_feature 3
30
6 2 28 14
4_cells_hog
0.000000e+00 0.000000e+00 0.000000e+00
3.265572e+02 1.203462e-01 -5.393471e-01
0.000000e+00 0.000000e+00 0.000000e+00

5
hog_feature 3
25
10 26 16 8
4_cells_hog
8.611938e+01 -1.729835e-01 1.497290e-01
0.000000e+00 0.000000e+00 0.000000e+00
3.845978e+01 -2.636344e-01 1.595738e-01

3
hog_feature 3
28
26 8 10 20
4_cells_hog
9.095563e+01 1.259072e-01 -2.465260e-01
2.426672e+02 -2.109882e-01 3.059177e-01
0.000000e+00 0.000000e+00 0.000000e+00

4
hog_feature 3
4
16 16 8 8
4_cells_hog
0.000000e+00 0.000000e+00 0.000000e+00
0.000000e+00 0.000000e+00 0.000000e+00
8.062241e+00 -2.828157e-01 1.599962e-01

1
hog_feature 3
28
16 30 16 8
4_cells_hog
2.761052e+02 -7.882486e-02 4.674278e-01
0.000000e+00 0.000000e+00 0.000000e+00
0.000000e+00 0.000000e+00 0.000000e+00

6
haar_feature 1
2
14 14 6 9 0 -1
14 14 6 3 0 3
haar_y3_1
0.000000e+00 0.000000e+00 0.000000e+00
2.768483e-03 -4.060672e-01 1.356249e-01
-2.015623e-02 -7.079161e-01 4.836941e-02

3
hog_feature 3
18
10 6 12 24
4_cells_hog
3.685620e+01 -5.988709e-01 2.720604e-02
1.379479e+02 1.884723e-01 -3.660565e-01
0.000000e+00 0.000000e+00 0.000000e+00

4
hog_feature 3
34
10 16 10 10
4_cells_hog
0.000000e+00 0.000000e+00 0.000000e+00
0.000000e+00 0.000000e+00 0.000000e+00
1.259628e+01 1.793157e-01 -2.524585e-01

1
hog_feature 3
1
6 8 28 14
4_cells_hog
6.965172e+01 2.659290e-01 -1.416102e-01
0.000000e+00 0.000000e+00 0.000000e+00
0.000000e+00 0.000000e+00 0.000000e+00

6
hog_feature 3
26
12 0 10 20
4_cells_hog
0.000000e+00 0.000000e+00 0.000000e+00
5.592795e+01 -4.644183e-01 1.525753e-01
3.898343e+02 -8.062454e-02 2.041781e-01

1
hog_feature 3
2
10 14 12 24
4_cells_hog
1.783521e+02 -2.039146e-01 1.786679e-01
0.000000e+00 0.000000e+00 0.000000e+00
0.000000e+00 0.000000e+00 0.000000e+00

6
hog_feature 3
2
0 0 20 10
4_cells_hog
0.000000e+00 0.000000e+00 0.000000e+00
2.264949e+01 2.392107e-01 -2.812261e-01
1.783642e+01 2.006599e-01 -1.099723e-01

7
haar_feature 1
2
14 2 12 16 0 -1
20 2 6 16 0 2
haar_x2
7.194842e-02 3.386719e-02 -5.412610e-01
-4.096306e-02 -6.955125e-01 6.483674e-02
-4.524891e-02 -5.042084e-01 4.908259e-02

2
hog_feature 3
30
0 0 14 14
4_cells_hog
0.000000e+00 0.000000e+00 0.000000e+00
3.636305e+01 -5.552752e-01 1.110942e-01
0.000000e+00 0.000000e+00 0.000000e+00

5
hog_feature 3
31
16 6 12 24
4_cells_hog
1.399994e+01 -5.514961e-01 3.066605e-02
0.000000e+00 0.000000e+00 0.000000e+00
2.205042e+01 -3.929991e-01 8.397780e-02

1
var_feature 2
1
10 26 11 6
one_rect_var
7.497717e+01 5.603473e-01 -6.756169e-02
0.000000e+00 0.000000e+00 0.000000e+00
0.000000e+00 0.000000e+00 0.000000e+00

6
hog_feature 3
13
0 12 20 20
4_cells_hog
0.000000e+00 0.000000e+00 0.000000e+00
7.578563e+02 4.858960e-02 -8.791384e-01
4.372724e+02 3.811200e-02 -7.820665e-01

2
hog_feature 3
16
20 4 14 28
4_cells_hog
0.000000e+00 0.000000e+00 0.000000e+00
2.232987e+02 -4.122953e-01 1.602185e-01
0.000000e+00 0.000000e+00 0.000000e+00

5
haar_feature 1
2
14 0 17 6 0 -1
14 3 17 3 0 2
haar_y2
5.930895e-03 -8.804715e-02 1.712274e-01
0.000000e+00 0.000000e+00 0.000000e+00
1.063251e-02 -1.575386e-01 2.785437e-01

3
var_feature 2
1
14 14 6 4
one_rect_var
8.182935e+01 -4.871938e-01 5.260381e-02
3.553743e+02 1.528731e-01 -3.261455e-01
0.000000e+00 0.000000e+00 0.000000e+00

4
hog_feature 3
14
4 26 10 10
4_cells_hog
0.000000e+00 0.000000e+00 0.000000e+00
0.000000e+00 0.000000e+00 0.000000e+00
6.359146e+00 1.737495e-01 -2.228583e-01

3
var_feature 2
1
20 18 7 5
one_rect_var
2.448584e+02 2.181631e-01 -1.413077e-01
1.213430e+03 -1.176472e-01 3.634655e-01
0.000000e+00 0.000000e+00 0.000000e+00

4
hog_feature 3
10
20 28 12 6
4_cells_hog
0.000000e+00 0.000000e+00 0.000000e+00
0.000000e+00 0.000000e+00 0.000000e+00
1.198307e+02 -1.540013e-01 2.642025e-01

3
var_feature 2
1
22 0 18 4
one_rect_var
2.859893e+03 3.916734e-02 -4.448012e-01
4.986211e+02 2.315268e-01 -2.498327e-01
0.000000e+00 0.000000e+00 0.000000e+00

4
hog_feature 3
0
18 32 12 6
4_cells_hog
0.000000e+00 0.000000e+00 0.000000e+00
0.000000e+00 0.000000e+00 0.000000e+00
4.730029e+01 1.083353e-01 -4.003412e-01

3
haar_feature 1
2
16 24 8 9 0 -1
16 27 8 3 0 3
haar_y3_0
1.429953e-02 -3.827143e-02 4.732946e-01
2.659827e-04 -4.802912e-01 1.421500e-01
0.000000e+00 0.000000e+00 0.000000e+00

4
haar_feature 1
2
10 10 10 28 0 -1
15 10 5 28 0 2
haar_x2
0.000000e+00 0.000000e+00 0.000000e+00
0.000000e+00 0.000000e+00 0.000000e+00
3.837469e-03 1.883811e-01 -2.136212e-01

2
hog_feature 3
12
22 22 16 8
4_cells_hog
0.000000e+00 0.000000e+00 0.000000e+00
7.256421e+01 1.187509e-01 -5.345007e-01
0.000000e+00 0.000000e+00 0.000000e+00

5
haar_feature 1
2
2 28 37 12 0 -1
2 28 37 4 0 2
haar_y3_4
-2.392001e-01 -2.273416e-01 1.373472e-01
0.000000e+00 0.000000e+00 0.000000e+00
-1.675559e-01 -1.349835e-01 2.060419e-01

2
haar_feature 1
2
16 6 18 28 0 -1
16 20 18 14 0 2
haar_y2
0.000000e+00 0.000000e+00 0.000000e+00
1.076740e-01 6.724701e-02 -7.648740e-01
0.000000e+00 0.000000e+00 0.000000e+00

5
hog_feature 3
31
4 0 24 12
4_cells_hog
9.540131e+01 9.616670e-02 -2.221907e-01
0.000000e+00 0.000000e+00 0.000000e+00
2.864503e+01 2.365213e-01 -1.467483e-01

2
hog_feature 3
13
0 26 12 6
4_cells_hog
0.000000e+00 0.000000e+00 0.000000e+00
1.007106e+01 1.676837e-01 -3.211279e-01
0.000000e+00 0.000000e+00 0.000000e+00

5
hog_feature 3
7
14 2 24 12
4_cells_hog
6.798790e+01 -3.833512e-01 8.261429e-02
0.000000e+00 0.000000e+00 0.000000e+00
5.715158e+01 -3.710462e-01 6.296323e-02

1
hog_feature 3
10
6 10 28 14
4_cells_hog
8.320765e+02 -1.114321e-01 3.487436e-01
0.000000e+00 0.000000e+00 0.000000e+00
0.000000e+00 0.000000e+00 0.000000e+00

6
haar_feature 1
2
18 12 5 9 0 -1
18 12 5 3 0 2
haar_y3_4
0.000000e+00 0.000000e+00 0.000000e+00
-2.872079e-02 -3.352672e-01 1.419456e-01
-5.545232e-03 1.974920e-02 -9.999948e-01

7
hog_feature 3
13
18 2 14 28
4_cells_hog
1.462231e+03 -2.817716e-02 8.718288e-01
7.089661e+02 5.466326e-02 -5.680544e-01
8.247220e+01 -2.307326e-01 9.894123e-02

2
hog_feature 3
15
16 4 16 16
4_cells_hog
0.000000e+00 0.000000e+00 0.000000e+00
2.947932e+01 -8.014552e-01 7.513639e-02
0.000000e+00 0.000000e+00 0.000000e+00

5
hog_feature 3
15
4 4 26 26
4_cells_hog
2.663162e+02 1.560068e-01 -1.771224e-01
0.000000e+00 0.000000e+00 0.000000e+00
2.284161e+02 1.440704e-01 -1.777587e-01

2
haar_feature 1
2
16 10 19 15 0 -1
16 15 19 5 0 2
haar_y3_3
0.000000e+00 0.000000e+00 0.000000e+00
-1.086325e-01 4.500043e-02 -9.636549e-01
0.000000e+00 0.000000e+00 0.000000e+00

5
hog_feature 3
7
6 2 30 30
4_cells_hog
1.000157e+03 -1.116558e-01 1.603009e-01
0.000000e+00 0.000000e+00 0.000000e+00
1.234661e+03 -1.145380e-01 3.567056e-01

1
hog_feature 3
32
12 18 10 10
4_cells_hog
1.655295e+01 -3.786064e-01 9.871114e-02
0.000000e+00 0.000000e+00 0.000000e+00
0.000000e+00 0.000000e+00 0.000000e+00

6
var_feature 2
1
16 20 4 4
one_rect_var
0.000000e+00 0.000000e+00 0.000000e+00
1.450586e+01 -7.518549e-01 1.882429e-02
1.553359e+02 1.040305e-01 -4.465359e-01

3
hog_feature 3
19
2 2 28 14
4_cells_hog
3.911384e+02 7.071251e-02 -4.102690e-01
2.103828e+02 -2.637742e-01 1.092221e-01
0.000000e+00 0.000000e+00 0.000000e+00

4
hog_feature 3
10
18 18 10 10
4_cells_hog
0.000000e+00 0.000000e+00 0.000000e+00
0.000000e+00 0.000000e+00 0.000000e+00
5.515210e+01 -2.437423e-01 1.606253e-01

1
haar_feature 1
3
8 12 18 20 0 -1
8 12 9 10 0 2
17 22 9 10 0 2
haar_x2_y2
3.203877e-02 7.740404e-02 -4.586336e-01
0.000000e+00 0.000000e+00 0.000000e+00
0.000000e+00 0.000000e+00 0.000000e+00

6
hog_feature 3
31
10 6 16 32
4_cells_hog
0.000000e+00 0.000000e+00 0.000000e+00
1.612309e+02 2.735550e-01 -1.795932e-01
5.655406e+02 3.529673e-02 -5.759994e-01

2
hog_feature 3
35
12 20 12 6
4_cells_hog
0.000000e+00 0.000000e+00 0.000000e+00
3.662109e-04 2.569607e-01 -2.399246e-01
0.000000e+00 0.000000e+00 0.000000e+00

5
var_feature 2
1
36 0 4 22
one_rect_var
6.540802e+00 -7.021476e-01 2.521769e-02
0.000000e+00 0.000000e+00 0.000000e+00
1.283618e+02 2.700194e-01 -1.154916e-01

2
haar_feature 1
2
0 28 39 8 0 -1
13 28 13 8 0 3
haar_x3_0
0.000000e+00 0.000000e+00 0.000000e+00
1.507641e-01 -1.266058e-01 5.189522e-01
0.000000e+00 0.000000e+00 0.000000e+00

5
haar_feature 1
3
14 24 14 8 0 -1
14 24 7 4 0 2
21 28 7 4 0 2
haar_x2_y2
7.463147e-03 -7.476926e-02 1.982668e-01
0.000000e+00 0.000000e+00 0.000000e+00
1.670605e-02 -4.478529e-02 7.457446e-01

5
hog_feature 3
20
0 26 24 12
4_cells_hog
1.184106e+03 -1.760727e-02 6.337515e-01
0.000000e+00 0.000000e+00 0.000000e+00
2.320544e+02 -1.202500e-01 2.946436e-01

5
hog_feature 3
11
4 26 10 10
4_cells_hog
5.596958e+01 6.402083e-02 -1.736966e-01
0.000000e+00 0.000000e+00 0.000000e+00
1.205989e+01 1.716707e-01 -2.575240e-01

5
hog_feature 3
21
4 2 26 26
4_cells_hog
6.950165e+01 -5.252424e-01 3.697424e-02
0.000000e+00 0.000000e+00 0.000000e+00
5.882510e+01 -3.887746e-01 7.989671e-02

5
hog_feature 3
18
32 2 6 12
4_cells_hog
7.324219e-04 2.979115e-01 -8.335823e-02
0.000000e+00 0.000000e+00 0.000000e+00
1.106927e+01 1.809599e-01 -1.237149e-01

5
hog_feature 3
27
8 8 28 28
4_cells_hog
6.410242e+01 -8.839349e-01 1.447773e-02
0.000000e+00 0.000000e+00 0.000000e+00
2.149586e+02 -5.553042e-01 7.216210e-02

5
haar_feature 1
3
12 32 28 8 0 -1
12 32 14 4 0 2
26 36 14 4 0 2
haar_x2_y2
7.132041e-03 -1.233109e-01 1.662648e-01
0.000000e+00 0.000000e+00 0.000000e+00
1.472069e-02 -1.542290e-01 2.024594e-01

5
var_feature 2
1
16 20 11 14
one_rect_var
1.744810e+03 5.412941e-02 -4.535721e-01
0.000000e+00 0.000000e+00 0.000000e+00
1.462168e+02 2.665376e-01 -1.198131e-01

5
hog_feature 3
35
6 8 14 14
4_cells_hog
2.482388e+02 -1.263126e-01 1.527235e-01
0.000000e+00 0.000000e+00 0.000000e+00
1.216382e+01 -6.812584e-01 5.231075e-02

5
hog_feature 3
4
20 12 4 8
4_cells_hog
7.071091e+00 7.592652e-02 -2.677880e-01
0.000000e+00 0.000000e+00 0.000000e+00
5.000015e+00 8.380686e-02 -3.163734e-01

5
hog_feature 3
17
2 0 12 6
4_cells_hog
2.942794e+01 1.556668e-01 -1.869189e-01
0.000000e+00 0.000000e+00 0.000000e+00
3.424957e+01 1.145461e-01 -1.516404e-01

5
hog_feature 3
1
6 20 8 4
4_cells_hog
9.036447e+01 -4.598537e-02 3.843857e-01
0.000000e+00 0.000000e+00 0.000000e+00
1.019406e+02 -6.573048e-02 5.204445e-01

5
haar_feature 1
2
14 2 5 12 0 -1
14 6 5 4 0 3
haar_y3_0
-1.590569e-03 2.295078e-01 -1.651884e-01
0.000000e+00 0.000000e+00 0.000000e+00
-1.297530e-02 -2.992550e-01 2.281785e-02

5
var_feature 2
1
0 36 38 4
one_rect_var
1.219930e+03 -1.807332e-01 1.756814e-01
0.000000e+00 0.000000e+00 0.000000e+00
2.729289e+03 4.903103e-02 -2.497001e-01

5
var_feature 2
1
14 8 8 26
one_rect_var
4.531821e+02 3.615557e-01 -8.560283e-02
0.000000e+00 0.000000e+00 0.000000e+00
9.814551e+01 2.543502e-01 -6.358319e-02

5
var_feature 2
1
16 4 9 4
one_rect_var
1.047430e+02 -5.415058e-01 5.786817e-02
0.000000e+00 0.000000e+00 0.000000e+00
5.429478e+02 -1.983504e-01 1.729476e-01

5
hog_feature 3
34
0 8 26 26
4_cells_hog
4.757328e+02 -2.569347e-01 1.313358e-01
0.000000e+00 0.000000e+00 0.000000e+00
5.291093e+02 -7.003602e-02 2.101419e-01

5
hog_feature 3
7
20 32 12 6
4_cells_hog
6.122476e+01 8.612081e-02 -2.994432e-01
0.000000e+00 0.000000e+00 0.000000e+00
3.605499e+00 1.482057e-01 -1.618194e-01

5
hog_feature 3
11
30 16 6 12
4_cells_hog
5.656769e+00 1.570659e-01 -1.342352e-01
0.000000e+00 0.000000e+00 0.000000e+00
1.206591e+02 5.709074e-02 -4.984217e-01

5
hog_feature 3
11
10 0 10 20
4_cells_hog
2.847804e+02 4.653998e-02 -6.495399e-01
0.000000e+00 0.000000e+00 0.000000e+00
1.414214e+01 -3.416271e-01 4.266119e-02

5
hog_feature 3
23
16 30 12 6
4_cells_hog
1.804300e+01 1.294792e-01 -2.209550e-01
0.000000e+00 0.000000e+00 0.000000e+00
2.109724e+02 1.934815e-02 -8.290169e-01

5
var_feature 2
1
24 14 5 4
one_rect_var
9.521875e+01 -3.893910e-01 7.017815e-02
0.000000e+00 0.000000e+00 0.000000e+00
2.149414e+01 -5.747563e-01 3.105004e-02

5
hog_feature 3
4
16 22 14 14
4_cells_hog
1.607690e+01 -2.974905e-01 2.945516e-02
0.000000e+00 0.000000e+00 0.000000e+00
2.013794e+01 1.888206e-01 -2.012227e-01

1
haar_feature 1
2
12 10 24 6 0 -1
20 10 8 6 0 3
haar_x3_0
-7.170696e-02 -9.000989e-01 3.575933e-02
0.000000e+00 0.000000e+00 0.000000e+00
0.000000e+00 0.000000e+00 0.000000e+00

1
hog_feature 3
25
24 0 10 20
4_cells_hog
4.411975e+01 2.151443e-01 -1.524244e-01
0.000000e+00 0.000000e+00 0.000000e+00
0.000000e+00 0.000000e+00 0.000000e+00

1
hog_feature 3
6
16 14 10 10
4_cells_hog
2.677518e+02 -7.294721e-02 4.906157e-01
0.000000e+00 0.000000e+00 0.000000e+00
0.000000e+00 0.000000e+00 0.000000e+00

1
haar_feature 1
3
20 2 6 12 0 -1
20 2 3 6 0 2
23 8 3 6 0 2
haar_x2_y2
-6.947764e-03 3.451547e-01 -9.233601e-02
0.000000e+00 0.000000e+00 0.000000e+00
0.000000e+00 0.000000e+00 0.000000e+00

1
hog_feature 3
33
8 14 24 24
4_cells_hog
7.172357e+01 -5.489821e-01 5.715049e-02
0.000000e+00 0.000000e+00 0.000000e+00
0.000000e+00 0.000000e+00 0.000000e+00

1
hog_feature 3
23
28 24 4 8
4_cells_hog
1.140179e+01 1.229222e-01 -3.057396e-01
0.000000e+00 0.000000e+00 0.000000e+00
0.000000e+00 0.000000e+00 0.000000e+00

1
hog_feature 3
27
16 12 8 16
4_cells_hog
2.895717e+02 4.129709e-02 -7.019875e-01
0.000000e+00 0.000000e+00 0.000000e+00
0.000000e+00 0.000000e+00 0.000000e+00

58
1 3 4 7 8 10 12 14 16 18 20 21 24 25 27 29 31 34 36 38 39 41 43 45 46 48 50 53 55 56 57 58 59 60 61 62 63 64 65 66 67 68 69 70 71 72 73 74 75 76 77 78 79 80 81 82 83 84 
-1.482620e+00
29
0 2 4 6 8 11 12 15 17 18 19 22 23 25 27 29 31 33 35 37 40 41 42 44 47 48 51 52 54 
-1.784539e+00
51
1 3 5 7 9 11 13 15 17 18 20 22 24 26 28 30 32 34 36 38 40 41 43 45 47 49 51 53 55 56 57 58 59 60 61 62 63 64 65 66 67 68 69 70 71 72 73 74 75 76 77 
-1.424845e+00

12
-1
