41
2
hog_feature 3
2
18 18 14 14
4_cells_hog
0.000000e+00 0.000000e+00 0.000000e+00
2.537789e+02 -6.894929e-01 2.989691e-01
0.000000e+00 0.000000e+00 0.000000e+00

5
haar_feature 1
2
0 16 39 20 0 -1
13 16 13 20 0 3
haar_x3_0
3.331731e-01 -4.779350e-01 2.560554e-01
0.000000e+00 0.000000e+00 0.000000e+00
4.015478e-01 -5.008210e-01 4.044118e-01

2
hog_feature 3
24
8 16 16 8
4_cells_hog
0.000000e+00 0.000000e+00 0.000000e+00
5.392233e+01 -6.072190e-01 2.577876e-01
0.000000e+00 0.000000e+00 0.000000e+00

5
hog_feature 3
27
8 6 20 10
4_cells_hog
4.061399e+02 -2.790042e-01 3.323941e-01
0.000000e+00 0.000000e+00 0.000000e+00
2.927072e+02 -3.166717e-01 3.769559e-01

1
hog_feature 3
16
10 6 10 20
4_cells_hog
3.389113e+02 -2.046356e-01 4.387518e-01
0.000000e+00 0.000000e+00 0.000000e+00
0.000000e+00 0.000000e+00 0.000000e+00

6
hog_feature 3
26
20 16 18 18
4_cells_hog
0.000000e+00 0.000000e+00 0.000000e+00
8.229611e+01 3.164729e-01 -5.497111e-01
4.099139e+02 1.241331e-01 -6.321427e-01

1
hog_feature 3
28
12 6 20 10
4_cells_hog
3.875608e+02 -2.070037e-01 4.851610e-01
0.000000e+00 0.000000e+00 0.000000e+00
0.000000e+00 0.000000e+00 0.000000e+00

6
haar_feature 1
2
14 0 15 9 0 -1
14 0 15 3 0 3
haar_y3_1
0.000000e+00 0.000000e+00 0.000000e+00
-2.816381e-02 5.557707e-01 -3.123479e-01
-2.350268e-02 4.484074e-01 -1.979757e-01

2
hog_feature 3
17
16 10 22 22
4_cells_hog
0.000000e+00 0.000000e+00 0.000000e+00
1.844805e+02 -8.025098e-01 2.631041e-01
0.000000e+00 0.000000e+00 0.000000e+00

5
hog_feature 3
31
8 22 10 10
4_cells_hog
1.146072e+02 8.946566e-02 -4.404148e-01
0.000000e+00 0.000000e+00 0.000000e+00
2.608081e+01 1.867464e-01 -5.674911e-01

3
hog_feature 3
33
12 4 14 28
4_cells_hog
4.516449e+01 -7.829405e-01 5.631192e-02
1.699335e+02 1.936523e-01 -6.671086e-01
0.000000e+00 0.000000e+00 0.000000e+00

4
hog_feature 3
20
22 22 14 14
4_cells_hog
0.000000e+00 0.000000e+00 0.000000e+00
0.000000e+00 0.000000e+00 0.000000e+00
9.536566e+01 -4.647070e-01 2.929708e-01

3
hog_feature 3
14
8 4 22 22
4_cells_hog
3.171529e+02 1.029865e-01 -5.285626e-01
8.916740e+01 -7.827772e-01 1.199747e-01
0.000000e+00 0.000000e+00 0.000000e+00

4
hog_feature 3
16
6 2 16 8
4_cells_hog
0.000000e+00 0.000000e+00 0.000000e+00
0.000000e+00 0.000000e+00 0.000000e+00
5.113058e+01 -3.901185e-01 2.739407e-01

2
hog_feature 3
20
6 16 14 14
4_cells_hog
0.000000e+00 0.000000e+00 0.000000e+00
5.050488e+01 2.498390e-01 -5.789884e-01
0.000000e+00 0.000000e+00 0.000000e+00

5
hog_feature 3
23
16 10 10 20
4_cells_hog
4.506787e+01 -4.983763e-01 1.276917e-01
0.000000e+00 0.000000e+00 0.000000e+00
7.581635e+01 9.501781e-02 -5.990014e-01

2
hog_feature 3
19
2 6 20 10
4_cells_hog
0.000000e+00 0.000000e+00 0.000000e+00
1.292721e+02 -4.704971e-01 3.715764e-01
0.000000e+00 0.000000e+00 0.000000e+00

5
haar_feature 1
2
12 12 15 5 0 -1
12 12 5 5 0 2
haar_x3_4
-1.879675e-02 6.936712e-02 -6.135756e-01
0.000000e+00 0.000000e+00 0.000000e+00
-6.627664e-02 -5.765239e-01 1.351815e-01

1
hog_feature 3
10
0 18 16 16
4_cells_hog
8.830167e+01 -4.491840e-01 1.924267e-01
0.000000e+00 0.000000e+00 0.000000e+00
0.000000e+00 0.000000e+00 0.000000e+00

6
haar_feature 1
2
18 14 3 8 0 -1
18 18 3 4 0 2
haar_y2
0.000000e+00 0.000000e+00 0.000000e+00
-2.723319e-03 2.909616e-01 -3.095884e-01
2.932401e-04 -3.746591e-01 2.446616e-01

3
haar_feature 1
2
16 14 5 20 0 -1
16 24 5 10 0 2
haar_y2
5.897908e-03 1.345162e-01 -4.219882e-01
1.460371e-03 -6.528386e-01 1.897042e-01
0.000000e+00 0.000000e+00 0.000000e+00

4
var_feature 2
1
26 16 4 6
one_rect_var
0.000000e+00 0.000000e+00 0.000000e+00
0.000000e+00 0.000000e+00 0.000000e+00
6.070654e+01 -6.119123e-01 1.345038e-01

1
haar_feature 1
2
16 34 15 6 0 -1
16 37 15 3 0 2
haar_y2
-6.314230e-03 4.007422e-01 -2.067773e-01
0.000000e+00 0.000000e+00 0.000000e+00
0.000000e+00 0.000000e+00 0.000000e+00

6
var_feature 2
1
16 18 5 4
one_rect_var
0.000000e+00 0.000000e+00 0.000000e+00
2.506897e+01 -9.694672e-01 9.856163e-02
2.821763e+02 1.185049e-01 -5.738407e-01

5
hog_feature 3
7
6 14 14 14
4_cells_hog
7.130067e+01 1.986276e-01 -1.987762e-01
0.000000e+00 0.000000e+00 0.000000e+00
4.395146e+02 -1.354869e-01 6.592119e-01

5
hog_feature 3
1
14 6 14 14
4_cells_hog
5.739896e+01 2.351731e-01 -2.255768e-01
0.000000e+00 0.000000e+00 0.000000e+00
6.298915e+02 -7.026945e-02 6.793162e-01

5
var_feature 2
1
14 12 7 22
one_rect_var
2.385037e+03 6.034279e-02 -4.409631e-01
0.000000e+00 0.000000e+00 0.000000e+00
1.108975e+02 4.214980e-01 -1.958382e-01

5
hog_feature 3
17
2 4 22 22
4_cells_hog
1.217159e+03 -1.609071e-01 3.956880e-01
0.000000e+00 0.000000e+00 0.000000e+00
7.715049e+02 -1.728020e-01 4.152977e-01

5
hog_feature 3
21
10 6 18 18
4_cells_hog
6.316851e+01 -4.342650e-01 1.387259e-01
0.000000e+00 0.000000e+00 0.000000e+00
1.337947e+01 -6.323395e-01 9.626220e-02

5
haar_feature 1
2
20 4 6 9 0 -1
20 7 6 3 0 2
haar_y3_3
-3.333703e-02 -2.720674e-01 1.849557e-01
0.000000e+00 0.000000e+00 0.000000e+00
-1.603224e-02 6.469139e-02 -7.244159e-01

5
hog_feature 3
18
18 14 14 14
4_cells_hog
1.794290e+02 1.835782e-01 -4.671976e-01
0.000000e+00 0.000000e+00 0.000000e+00
8.510554e+02 4.632610e-03 -7.150267e-01

5
hog_feature 3
4
16 12 12 6
4_cells_hog
1.399997e+01 1.247330e-01 -2.396203e-01
0.000000e+00 0.000000e+00 0.000000e+00
2.203323e+01 1.499895e-01 -5.116011e-01

5
hog_feature 3
12
2 0 24 12
4_cells_hog
4.071499e+01 -3.463821e-01 1.441265e-01
0.000000e+00 0.000000e+00 0.000000e+00
2.161455e+01 -6.065065e-01 9.136531e-02

5
hog_feature 3
6
22 8 14 14
4_cells_hog
5.887634e+01 1.750003e-01 -2.674147e-01
0.000000e+00 0.000000e+00 0.000000e+00
3.408508e+01 2.337340e-01 -2.442185e-01

5
hog_feature 3
25
12 0 16 32
4_cells_hog
4.368244e+02 -2.714605e-01 2.310343e-01
0.000000e+00 0.000000e+00 0.000000e+00
8.402994e+02 -8.480414e-02 5.692970e-01

5
haar_feature 1
2
24 16 8 24 0 -1
24 32 8 8 0 3
haar_y3_2
-1.069915e-02 1.717469e-01 -2.133285e-01
0.000000e+00 0.000000e+00 0.000000e+00
-8.417783e-03 2.405660e-01 -3.128380e-01

5
hog_feature 3
27
2 2 14 14
4_cells_hog
1.717545e+01 4.725325e-01 -1.329201e-01
0.000000e+00 0.000000e+00 0.000000e+00
3.938267e+02 -1.254234e-01 3.320772e-01

5
hog_feature 3
12
6 4 28 28
4_cells_hog
8.837901e+02 7.246175e-02 -7.762579e-01
0.000000e+00 0.000000e+00 0.000000e+00
8.860964e+02 6.268445e-02 -7.694236e-01

5
hog_feature 3
10
16 12 12 24
4_cells_hog
6.784404e+01 -4.862531e-01 1.091989e-01
0.000000e+00 0.000000e+00 0.000000e+00
3.704089e+01 -5.831325e-01 5.267537e-02

5
var_feature 2
1
16 20 7 14
one_rect_var
9.045435e+01 4.977120e-01 -7.764658e-02
0.000000e+00 0.000000e+00 0.000000e+00
1.212073e+01 6.375551e-01 -1.267742e-01

4
haar_feature 1
2
6 32 8 6 0 -1
6 35 8 3 0 2
haar_y2
0.000000e+00 0.000000e+00 0.000000e+00
0.000000e+00 0.000000e+00 0.000000e+00
-1.957786e-03 3.520356e-01 -2.521424e-01

28
1 3 4 6 9 10 12 15 17 18 20 22 24 25 26 27 28 29 30 31 32 33 34 35 36 37 38 39 
-1.790280e+00
12
0 2 5 7 8 10 12 14 16 19 20 23 
-2.022477e+00
29
1 3 5 7 9 11 13 15 17 19 21 23 24 25 26 27 28 29 30 31 32 33 34 35 36 37 38 39 40 
-1.831027e+00

4
-1
