11
2
hog_feature 3
25
6 6 6 6
4_cells_hog
0.000000e+00 0.000000e+00 0.000000e+00
9.573091e+01 -5.809935e-01 4.645669e-01
0.000000e+00 0.000000e+00 0.000000e+00

5
haar_feature 1
2
6 32 14 6 0 -1
6 35 14 3 0 2
haar_y2
-5.306853e-03 2.334802e-01 -7.245179e-01
0.000000e+00 0.000000e+00 0.000000e+00
-4.539641e-03 -8.474576e-02 -6.271186e-01

2
haar_feature 1
3
4 14 12 14 0 -1
4 14 6 7 0 2
10 21 6 7 0 2
haar_x2_y2
0.000000e+00 0.000000e+00 0.000000e+00
-4.533484e-04 2.717179e-01 -7.583730e-01
0.000000e+00 0.000000e+00 0.000000e+00

5
var_feature 2
1
12 36 5 4
one_rect_var
3.720870e+02 1.659884e-01 -8.302490e-01
0.000000e+00 0.000000e+00 0.000000e+00
2.547751e+02 2.763173e-01 -5.153061e-01

3
haar_feature 1
2
4 30 22 9 0 -1
4 30 22 3 0 2
haar_y3_4
-9.541548e-02 -5.535485e-01 3.311370e-01
-1.013201e-01 -5.555711e-01 3.179262e-01
0.000000e+00 0.000000e+00 0.000000e+00

4
hog_feature 3
16
14 2 8 8
4_cells_hog
0.000000e+00 0.000000e+00 0.000000e+00
0.000000e+00 0.000000e+00 0.000000e+00
1.065868e+02 -3.896919e-01 5.242735e-01

1
hog_feature 3
31
14 14 12 24
4_cells_hog
2.632269e+02 2.946808e-01 -8.460944e-01
0.000000e+00 0.000000e+00 0.000000e+00
0.000000e+00 0.000000e+00 0.000000e+00

6
hog_feature 3
16
20 0 18 36
4_cells_hog
0.000000e+00 0.000000e+00 0.000000e+00
4.865900e+02 3.155497e-01 -7.964088e-01
2.047586e+02 4.851002e-01 -3.543108e-01

5
hog_feature 3
26
2 10 14 28
4_cells_hog
6.571268e+02 -5.152459e-01 4.152084e-01
0.000000e+00 0.000000e+00 0.000000e+00
4.634342e+02 -5.943453e-01 3.329245e-01

4
haar_feature 1
2
14 20 3 20 0 -1
14 30 3 10 0 2
haar_y2
0.000000e+00 0.000000e+00 0.000000e+00
0.000000e+00 0.000000e+00 0.000000e+00
-2.872446e-03 -7.073674e-01 3.114577e-01

4
hog_feature 3
28
16 2 16 32
4_cells_hog
0.000000e+00 0.000000e+00 0.000000e+00
0.000000e+00 0.000000e+00 0.000000e+00
1.327850e+03 -3.454593e-01 6.304038e-01

5
1 3 4 6 8 
-1.332643e+00
4
0 2 4 7 
-7.877582e-01
7
1 3 5 7 8 9 10 
-1.180778e+00

6
-1
