40
2
haar_feature 1
3
12 20 20 14 0 -1
12 20 10 7 0 2
22 27 10 7 0 2
haar_x2_y2
0.000000e+00 0.000000e+00 0.000000e+00
-5.044515e-02 3.964646e-01 -6.005484e-01
0.000000e+00 0.000000e+00 0.000000e+00

5
hog_feature 3
17
4 26 10 10
4_cells_hog
2.681075e+02 -4.615704e-01 1.937173e-01
0.000000e+00 0.000000e+00 0.000000e+00
2.309657e+02 -5.485391e-01 1.911422e-01

2
hog_feature 3
35
0 14 28 14
4_cells_hog
0.000000e+00 0.000000e+00 0.000000e+00
1.526302e+02 3.344129e-01 -6.126504e-01
0.000000e+00 0.000000e+00 0.000000e+00

5
haar_feature 1
2
10 20 30 11 0 -1
30 20 10 11 0 3
haar_x3_2
-8.105856e-02 2.828962e-01 -2.875880e-01
0.000000e+00 0.000000e+00 0.000000e+00
-9.480835e-02 2.830209e-01 -3.332379e-01

2
hog_feature 3
22
4 8 12 24
4_cells_hog
0.000000e+00 0.000000e+00 0.000000e+00
8.429939e+01 3.017266e-01 -5.174719e-01
0.000000e+00 0.000000e+00 0.000000e+00

5
hog_feature 3
27
16 8 10 10
4_cells_hog
7.164337e+01 -3.408504e-01 1.571109e-01
0.000000e+00 0.000000e+00 0.000000e+00
3.268225e+01 -5.209852e-01 1.582876e-01

3
hog_feature 3
0
2 14 14 14
4_cells_hog
2.654514e+01 3.089539e-01 -1.497518e-01
1.420073e+02 -4.481685e-01 3.003547e-01
0.000000e+00 0.000000e+00 0.000000e+00

4
hog_feature 3
17
10 28 20 10
4_cells_hog
0.000000e+00 0.000000e+00 0.000000e+00
0.000000e+00 0.000000e+00 0.000000e+00
1.103110e+02 2.357380e-01 -4.552953e-01

3
hog_feature 3
27
0 10 18 18
4_cells_hog
1.161311e+02 -4.614011e-01 1.038323e-01
3.334231e+02 1.794423e-01 -7.188970e-01
0.000000e+00 0.000000e+00 0.000000e+00

4
hog_feature 3
28
16 16 16 16
4_cells_hog
0.000000e+00 0.000000e+00 0.000000e+00
0.000000e+00 0.000000e+00 0.000000e+00
2.244250e+02 -3.486710e-01 2.537315e-01

2
hog_feature 3
16
10 4 26 26
4_cells_hog
0.000000e+00 0.000000e+00 0.000000e+00
5.615951e+02 -4.390749e-01 3.393198e-01
0.000000e+00 0.000000e+00 0.000000e+00

5
hog_feature 3
18
16 30 12 6
4_cells_hog
3.730847e+01 1.360945e-01 -2.234418e-01
0.000000e+00 0.000000e+00 0.000000e+00
1.242786e+01 2.661087e-01 -3.527928e-01

2
hog_feature 3
33
14 22 16 8
4_cells_hog
0.000000e+00 0.000000e+00 0.000000e+00
7.324219e-04 5.371530e-01 -2.781265e-01
0.000000e+00 0.000000e+00 0.000000e+00

5
hog_feature 3
13
14 6 8 16
4_cells_hog
1.204536e+01 2.281892e-01 -2.575110e-01
0.000000e+00 0.000000e+00 0.000000e+00
4.500000e+00 3.229789e-01 -1.995261e-01

2
haar_feature 1
2
10 12 21 16 0 -1
10 12 7 16 0 3
haar_x3_1
0.000000e+00 0.000000e+00 0.000000e+00
-5.168535e-02 -8.111333e-01 1.967075e-01
0.000000e+00 0.000000e+00 0.000000e+00

5
var_feature 2
1
14 6 6 4
one_rect_var
1.303945e+02 -4.050655e-01 1.279309e-01
0.000000e+00 0.000000e+00 0.000000e+00
1.795763e+01 -8.276661e-01 8.509316e-02

3
haar_feature 1
2
14 4 8 20 0 -1
14 14 8 10 0 2
haar_y2
1.138360e-02 -2.210832e-01 2.259209e-01
-3.764063e-02 3.371422e-01 -3.353339e-01
0.000000e+00 0.000000e+00 0.000000e+00

4
hog_feature 3
22
16 10 12 24
4_cells_hog
0.000000e+00 0.000000e+00 0.000000e+00
0.000000e+00 0.000000e+00 0.000000e+00
1.416750e+02 1.335748e-01 -6.005627e-01

1
hog_feature 3
22
10 24 28 14
4_cells_hog
2.217101e+02 1.879732e-01 -4.229685e-01
0.000000e+00 0.000000e+00 0.000000e+00
0.000000e+00 0.000000e+00 0.000000e+00

6
haar_feature 1
2
10 0 7 21 0 -1
10 0 7 7 0 3
haar_y3_1
0.000000e+00 0.000000e+00 0.000000e+00
-4.171214e-02 4.739500e-01 -2.044531e-01
-2.263023e-02 2.764632e-01 -2.290093e-01

3
var_feature 2
1
16 12 11 23
one_rect_var
3.015831e+03 5.229287e-02 -7.115483e-01
1.815229e+03 1.591537e-01 -6.930771e-01
0.000000e+00 0.000000e+00 0.000000e+00

4
hog_feature 3
4
16 0 16 8
4_cells_hog
0.000000e+00 0.000000e+00 0.000000e+00
0.000000e+00 0.000000e+00 0.000000e+00
3.008302e+01 -3.895071e-01 2.209147e-01

1
hog_feature 3
33
8 2 14 28
4_cells_hog
2.079846e+02 -4.068936e-01 1.756231e-01
0.000000e+00 0.000000e+00 0.000000e+00
0.000000e+00 0.000000e+00 0.000000e+00

6
hog_feature 3
7
8 10 14 28
4_cells_hog
0.000000e+00 0.000000e+00 0.000000e+00
1.701615e+02 -5.453792e-01 1.989254e-01
1.154794e+03 -8.048985e-02 6.590813e-01

5
hog_feature 3
10
16 10 14 14
4_cells_hog
3.054256e+02 -1.941330e-01 3.362950e-01
0.000000e+00 0.000000e+00 0.000000e+00
5.798917e+02 -7.846720e-02 5.701763e-01

5
hog_feature 3
29
8 18 8 16
4_cells_hog
8.576492e+01 1.089188e-01 -3.360737e-01
0.000000e+00 0.000000e+00 0.000000e+00
2.268237e+01 2.334184e-01 -3.648637e-01

5
hog_feature 3
18
16 2 16 32
4_cells_hog
6.853711e+02 1.024619e-01 -5.690306e-01
0.000000e+00 0.000000e+00 0.000000e+00
6.175815e+02 7.220734e-02 -4.410204e-01

5
hog_feature 3
29
14 26 12 12
4_cells_hog
3.128146e+02 -6.195848e-02 4.173586e-01
0.000000e+00 0.000000e+00 0.000000e+00
3.659656e+01 -4.150389e-01 1.852100e-01

5
hog_feature 3
16
6 4 14 28
4_cells_hog
1.163364e+03 -1.191339e-01 6.079019e-01
0.000000e+00 0.000000e+00 0.000000e+00
8.582704e+02 -6.303564e-02 3.973218e-01

5
hog_feature 3
14
4 6 22 22
4_cells_hog
1.946906e+02 1.308534e-01 -2.220195e-01
0.000000e+00 0.000000e+00 0.000000e+00
2.257588e+02 1.395884e-01 -5.294645e-01

5
hog_feature 3
22
4 0 30 30
4_cells_hog
7.644006e+01 -8.878104e-01 5.082271e-02
0.000000e+00 0.000000e+00 0.000000e+00
4.564322e+01 -7.361434e-01 5.495694e-02

5
haar_feature 1
2
12 4 12 15 0 -1
12 4 4 15 0 2
haar_x3_4
-3.395037e-02 4.280593e-02 -8.211582e-01
0.000000e+00 0.000000e+00 0.000000e+00
-1.704014e-01 -5.027100e-01 7.018717e-02

5
var_feature 2
1
0 34 39 4
one_rect_var
8.706504e+02 -3.209714e-01 1.405285e-01
0.000000e+00 0.000000e+00 0.000000e+00
2.366405e+03 8.658788e-02 -3.562485e-01

5
hog_feature 3
23
4 2 14 28
4_cells_hog
3.096464e+02 1.244413e-01 -5.310228e-01
0.000000e+00 0.000000e+00 0.000000e+00
7.473490e+02 -3.072334e-02 5.509757e-01

5
hog_feature 3
10
2 0 14 28
4_cells_hog
5.444467e+02 6.295165e-02 -6.647149e-01
0.000000e+00 0.000000e+00 0.000000e+00
1.026943e+02 -3.756667e-01 9.860928e-02

5
hog_feature 3
3
8 12 26 26
4_cells_hog
6.575810e+01 -7.959356e-01 4.243631e-02
0.000000e+00 0.000000e+00 0.000000e+00
2.925714e+02 1.386968e-01 -3.309772e-01

5
hog_feature 3
17
4 2 28 14
4_cells_hog
1.105273e+02 -5.517153e-01 4.018671e-02
0.000000e+00 0.000000e+00 0.000000e+00
7.112883e+01 -7.753785e-01 8.461722e-02

5
haar_feature 1
2
18 18 10 9 0 -1
18 21 10 3 0 3
haar_y3_0
-1.728467e-03 1.911686e-01 -1.558403e-01
0.000000e+00 0.000000e+00 0.000000e+00
-1.576196e-04 2.135988e-01 -2.583300e-01

1
haar_feature 1
2
18 20 6 15 0 -1
18 25 6 5 0 3
haar_y3_0
-3.428381e-03 2.855136e-01 -2.307269e-01
0.000000e+00 0.000000e+00 0.000000e+00
0.000000e+00 0.000000e+00 0.000000e+00

1
haar_feature 1
2
8 4 32 36 0 -1
8 16 32 12 0 2
haar_y3_3
-6.297085e-01 -3.085636e-01 1.926773e-01
0.000000e+00 0.000000e+00 0.000000e+00
0.000000e+00 0.000000e+00 0.000000e+00

28
1 3 5 6 8 11 13 15 16 18 20 22 24 25 26 27 28 29 30 31 32 33 34 35 36 37 38 39 
-1.530519e+00
12
0 2 4 6 8 10 12 14 16 19 20 23 
-1.943178e+00
26
1 3 5 7 9 11 13 15 17 19 21 23 24 25 26 27 28 29 30 31 32 33 34 35 36 37 
-1.681414e+00

5
-1
