3
2
var_feature 2
1
16 14 4 6
one_rect_var
0.000000e+00 0.000000e+00 0.000000e+00
2.009785e+02 -1.000000e+00 9.780220e-01
0.000000e+00 0.000000e+00 0.000000e+00

5
var_feature 2
1
2 28 19 4
one_rect_var
1.949962e+02 -6.000000e-01 1.000000e+00
0.000000e+00 0.000000e+00 0.000000e+00
2.854868e+02 -1.000000e+00 9.672131e-01

1
var_feature 2
1
10 24 7 14
one_rect_var
2.588472e+02 -1.000000e+00 9.999999e-01
0.000000e+00 0.000000e+00 0.000000e+00
0.000000e+00 0.000000e+00 0.000000e+00

2
1 2 
3.999999e-01
1
0 
9.780220e-01
1
1 
9.672131e-01

19
-1
