8
1
hog_feature 3
35
6 0 28 14
4_cells_hog
1.811802e+02 -1.000000e+00 8.652850e-01
0.000000e+00 0.000000e+00 0.000000e+00
0.000000e+00 0.000000e+00 0.000000e+00

6
hog_feature 3
34
6 12 10 20
4_cells_hog
0.000000e+00 0.000000e+00 0.000000e+00
7.267340e+01 -1.000000e+00 7.391304e-01
7.727322e+01 -9.310345e-01 7.463415e-01

1
hog_feature 3
22
22 2 6 12
4_cells_hog
4.634509e+01 7.444466e-01 -7.630894e-01
0.000000e+00 0.000000e+00 0.000000e+00
0.000000e+00 0.000000e+00 0.000000e+00

6
haar_feature 1
2
22 28 7 12 0 -1
22 36 7 4 0 3
haar_y3_2
0.000000e+00 0.000000e+00 0.000000e+00
-1.442851e-03 4.917017e-01 -3.456244e-01
-3.007030e-04 4.713371e-01 -8.085897e-01

3
hog_feature 3
11
16 26 8 8
4_cells_hog
2.099695e+01 -4.078767e-01 6.771671e-01
2.460269e+01 -3.933854e-01 8.340117e-01
0.000000e+00 0.000000e+00 0.000000e+00

4
hog_feature 3
1
32 18 6 12
4_cells_hog
0.000000e+00 0.000000e+00 0.000000e+00
0.000000e+00 0.000000e+00 0.000000e+00
2.630701e+01 6.074319e-01 -5.627716e-01

3
hog_feature 3
23
20 0 10 10
4_cells_hog
4.906866e+01 8.282960e-01 -6.532423e-01
5.778044e+01 3.277369e-01 -5.845789e-01
0.000000e+00 0.000000e+00 0.000000e+00

2
haar_feature 1
2
30 0 3 34 0 -1
30 17 3 17 0 2
haar_y2
0.000000e+00 0.000000e+00 0.000000e+00
4.527907e-03 5.524764e-01 -6.824208e-01
0.000000e+00 0.000000e+00 0.000000e+00

4
0 2 4 6 
1.261204e-01
5
1 3 4 6 7 
4.827628e-01
3
1 3 5 
1.477346e-01

15
-1
