20
7
hog_feature 3
12
6 9 10 20
4_cells_hog
1.251961e+02 -4.848485e-01 -2.587065e-01
6.061932e+02 -7.025316e-01 7.746479e-02
9.090144e+02 -4.104882e-01 5.744681e-01

6
var_feature 2
1
6 12 26 4
one_rect_var
0.000000e+00 0.000000e+00 0.000000e+00
1.801993e+03 3.222210e-01 -6.574303e-01
4.972755e+02 2.127271e-01 -9.198174e-02

7
hog_feature 3
2
6 6 22 22
4_cells_hog
6.730604e+02 2.594020e-02 -4.169064e-01
6.541019e+02 -7.315256e-01 2.584377e-01
8.700222e+02 3.331444e-02 -6.092370e-01

7
hog_feature 3
29
18 18 22 22
4_cells_hog
7.446766e+02 2.128486e-02 -1.000022e+00
1.370356e+02 2.515956e-01 -7.491446e-01
1.670891e+02 -3.932013e-01 7.414448e-02

7
haar_feature 1
2
21 9 15 27 0 -1
21 9 15 9 0 3
haar_y3_1
2.890280e-01 -7.662567e-02 7.180367e-01
-3.364316e-02 -6.914050e-01 1.655781e-01
-5.218375e-02 -6.603181e-01 9.176402e-02

7
var_feature 2
1
15 27 19 12
one_rect_var
3.330142e+02 -8.842137e-01 7.124291e-02
3.711206e+02 -8.882321e-01 6.829906e-02
1.871937e+03 -2.720502e-01 3.478961e-01

7
haar_feature 1
2
12 18 15 3 0 -1
17 18 5 3 0 3
haar_x3_0
-1.606990e-02 -7.602341e-01 2.673300e-02
-7.665972e-03 4.608656e-01 -2.596423e-01
6.791096e-03 -1.537460e-01 6.264501e-01

7
var_feature 2
1
6 15 28 6
one_rect_var
6.307349e+02 5.072619e-01 -8.896674e-02
4.100802e+03 1.437565e-01 -9.287823e-01
2.359757e+03 1.113804e-01 -9.453243e-01

5
var_feature 2
1
9 9 15 10
one_rect_var
1.740853e+03 -2.866783e-01 2.265092e-01
0.000000e+00 0.000000e+00 0.000000e+00
1.533567e+03 -3.546776e-01 2.643529e-01

5
hog_feature 3
4
0 18 4 8
4_cells_hog
1.127323e+02 1.608287e-01 -4.587672e-01
0.000000e+00 0.000000e+00 0.000000e+00
2.801785e+01 2.584524e-01 -2.597281e-01

5
hog_feature 3
30
12 9 20 10
4_cells_hog
2.848383e+01 -8.052676e-01 9.516278e-02
0.000000e+00 0.000000e+00 0.000000e+00
1.107971e+02 -5.928326e-01 8.632351e-02

5
hog_feature 3
23
3 18 32 16
4_cells_hog
8.040228e+01 3.698615e-01 -1.448900e-01
0.000000e+00 0.000000e+00 0.000000e+00
1.033640e+02 5.776095e-01 -1.714972e-01

5
hog_feature 3
18
6 15 32 16
4_cells_hog
3.257428e+01 -5.905858e-01 7.963019e-02
0.000000e+00 0.000000e+00 0.000000e+00
2.748517e+02 -3.713397e-01 3.051704e-01

5
hog_feature 3
34
24 15 16 16
4_cells_hog
6.008673e+01 -7.721796e-01 7.157265e-02
0.000000e+00 0.000000e+00 0.000000e+00
8.657227e+01 3.001048e-01 -3.315402e-01

5
hog_feature 3
31
0 18 8 4
4_cells_hog
5.000610e-01 -2.621976e-01 7.856610e-02
0.000000e+00 0.000000e+00 0.000000e+00
7.685857e+01 -3.737275e-01 3.485004e-01

5
var_feature 2
1
27 24 4 14
one_rect_var
1.761229e+03 1.574211e-01 -7.177901e-01
0.000000e+00 0.000000e+00 0.000000e+00
2.037038e+03 8.538774e-02 -3.257418e-01

5
hog_feature 3
22
18 21 10 10
4_cells_hog
4.756384e+02 -1.462093e-01 7.943017e-01
0.000000e+00 0.000000e+00 0.000000e+00
5.950742e+02 3.218793e-02 -8.966307e-01

1
haar_feature 1
2
0 21 33 5 0 -1
11 21 11 5 0 3
haar_x3_0
-4.137100e-02 4.270299e-01 -2.075810e-01
0.000000e+00 0.000000e+00 0.000000e+00
0.000000e+00 0.000000e+00 0.000000e+00

1
hog_feature 3
13
12 9 20 10
4_cells_hog
6.209722e+02 -1.906398e-01 4.342198e-01
0.000000e+00 0.000000e+00 0.000000e+00
0.000000e+00 0.000000e+00 0.000000e+00

1
hog_feature 3
0
30 24 10 10
4_cells_hog
8.664676e+01 1.976608e-01 -4.974400e-01
0.000000e+00 0.000000e+00 0.000000e+00
0.000000e+00 0.000000e+00 0.000000e+00

19
0 2 3 4 5 6 7 8 9 10 11 12 13 14 15 16 17 18 19 
-1.142261e+00
8
0 1 2 3 4 5 6 7 
-1.089156e+00
17
0 1 2 3 4 5 6 7 8 9 10 11 12 13 14 15 16 
-1.339920e+00

14
-1
