5
2
var_feature 2
1
16 12 8 9
one_rect_var
0.000000e+00 0.000000e+00 0.000000e+00
3.872256e+02 -1.000000e+00 9.565217e-01
0.000000e+00 0.000000e+00 0.000000e+00

5
var_feature 2
1
2 28 19 4
one_rect_var
2.977400e+02 -7.142857e-01 8.936170e-01
0.000000e+00 0.000000e+00 0.000000e+00
2.760010e+02 -1.000000e+00 8.750000e-01

5
hog_feature 3
18
14 24 6 6
4_cells_hog
1.204285e+02 6.526537e-01 -7.131741e-01
0.000000e+00 0.000000e+00 0.000000e+00
9.243652e+00 8.355152e-01 -2.749757e-01

5
hog_feature 3
26
14 10 6 12
4_cells_hog
3.461560e+01 -5.483034e-01 6.824460e-01
0.000000e+00 0.000000e+00 0.000000e+00
4.489331e+01 -6.704656e-01 5.389213e-01

4
haar_feature 1
2
6 28 26 8 0 -1
6 32 26 4 0 2
haar_y2
0.000000e+00 0.000000e+00 0.000000e+00
0.000000e+00 0.000000e+00 0.000000e+00
-1.374152e-02 9.616120e-01 -5.102479e-01

3
1 2 3 
6.208140e-01
1
0 
9.565217e-01
4
1 2 3 4 
5.298018e-01

17
-1
