14
3
hog_feature 3
9
18 10 20 20
4_cells_hog
6.037278e+02 -8.370370e-01 5.000000e-02
6.703604e+02 -6.261128e-01 3.952569e-03
0.000000e+00 0.000000e+00 0.000000e+00

4
hog_feature 3
21
6 14 10 20
4_cells_hog
0.000000e+00 0.000000e+00 0.000000e+00
0.000000e+00 0.000000e+00 0.000000e+00
1.684373e+02 -9.523810e-02 -8.207547e-01

1
hog_feature 3
17
16 22 14 14
4_cells_hog
2.134203e+02 1.449956e-01 -9.047773e-01
0.000000e+00 0.000000e+00 0.000000e+00
0.000000e+00 0.000000e+00 0.000000e+00

6
haar_feature 1
2
12 18 6 6 0 -1
12 21 6 3 0 2
haar_y2
0.000000e+00 0.000000e+00 0.000000e+00
-1.075301e-03 2.501618e-01 -5.739667e-01
-1.925356e-03 1.787815e-01 -6.072002e-01

1
haar_feature 1
2
10 12 21 9 0 -1
17 12 7 9 0 3
haar_x3_0
5.629130e-03 1.865972e-01 -8.444201e-01
0.000000e+00 0.000000e+00 0.000000e+00
0.000000e+00 0.000000e+00 0.000000e+00

6
var_feature 2
1
14 36 4 4
one_rect_var
0.000000e+00 0.000000e+00 0.000000e+00
3.127461e+02 2.296532e-01 -6.699426e-01
2.597773e+02 2.165776e-01 -5.653524e-01

2
hog_feature 3
11
24 8 12 24
4_cells_hog
0.000000e+00 0.000000e+00 0.000000e+00
4.044081e+02 -4.961531e-01 4.403237e-01
0.000000e+00 0.000000e+00 0.000000e+00

5
hog_feature 3
2
8 6 28 14
4_cells_hog
1.613674e+02 -7.407218e-01 1.009547e-01
0.000000e+00 0.000000e+00 0.000000e+00
3.134075e+02 2.567308e-01 -6.890784e-01

7
hog_feature 3
25
6 24 14 14
4_cells_hog
4.320748e+02 -2.760184e-01 6.054767e-01
4.724091e+02 -2.750885e-01 6.448174e-01
1.611999e+02 -5.977190e-01 1.979481e-01

3
var_feature 2
1
10 30 7 5
one_rect_var
4.668384e+02 3.083353e-01 -6.055375e-01
5.102432e+02 3.528177e-01 -5.257975e-01
0.000000e+00 0.000000e+00 0.000000e+00

4
hog_feature 3
29
18 26 6 12
4_cells_hog
0.000000e+00 0.000000e+00 0.000000e+00
0.000000e+00 0.000000e+00 0.000000e+00
4.768387e+01 -6.336862e-01 3.135855e-01

3
hog_feature 3
34
8 4 18 18
4_cells_hog
1.362151e+02 -6.401044e-01 2.445312e-01
1.470219e+02 -9.072068e-01 2.017459e-01
0.000000e+00 0.000000e+00 0.000000e+00

4
hog_feature 3
33
10 20 20 10
4_cells_hog
0.000000e+00 0.000000e+00 0.000000e+00
0.000000e+00 0.000000e+00 0.000000e+00
1.165991e+02 2.668304e-01 -7.057499e-01

6
hog_feature 3
6
8 24 20 10
4_cells_hog
0.000000e+00 0.000000e+00 0.000000e+00
1.183846e+02 -6.827879e-01 1.978812e-01
2.832952e+02 -3.089618e-01 4.694391e-01

7
0 2 4 7 8 9 11 
-1.164432e+00
8
0 3 5 6 8 9 11 13 
-1.258753e+00
8
1 3 5 7 8 10 12 13 
-9.108644e-01

9
-1
