5
3
var_feature 2
1
4 18 36 19
one_rect_var
1.583519e+02 -1.000000e+00 9.917949e-01
1.112198e+02 -1.000000e+00 9.959016e-01
0.000000e+00 0.000000e+00 0.000000e+00

4
hog_feature 3
17
0 0 32 16
4_cells_hog
0.000000e+00 0.000000e+00 0.000000e+00
0.000000e+00 0.000000e+00 0.000000e+00
4.060445e+01 -1.000000e+00 9.917696e-01

3
haar_feature 1
2
10 26 4 9 0 -1
10 29 4 3 0 3
haar_y3_0
1.578696e-02 9.790985e-01 -9.123053e-01
-1.266767e-02 -1.000000e+00 9.830511e-01
0.000000e+00 0.000000e+00 0.000000e+00

4
haar_feature 1
3
18 12 18 8 0 -1
18 12 9 4 0 2
27 16 9 4 0 2
haar_x2_y2
0.000000e+00 0.000000e+00 0.000000e+00
0.000000e+00 0.000000e+00 0.000000e+00
3.159947e-02 9.788412e-01 -3.711727e-01

4
hog_feature 3
17
14 2 16 32
4_cells_hog
0.000000e+00 0.000000e+00 0.000000e+00
0.000000e+00 0.000000e+00 0.000000e+00
1.456468e+02 -3.049878e-01 9.721082e-01

2
0 2 
1.970893e+00
2
0 2 
1.978953e+00
3
1 3 4 
1.592705e+00

24
-1
