48
1
hog_feature 3
34
10 10 14 14
4_cells_hog
1.444717e+01 -4.800000e-01 5.727051e-01
0.000000e+00 0.000000e+00 0.000000e+00
0.000000e+00 0.000000e+00 0.000000e+00

6
var_feature 2
1
0 26 17 5
one_rect_var
0.000000e+00 0.000000e+00 0.000000e+00
8.371436e+01 -3.043478e-01 7.872341e-01
6.241373e+01 -5.217391e-01 6.747405e-01

3
haar_feature 1
2
14 20 13 15 0 -1
14 25 13 5 0 3
haar_y3_0
1.025092e-03 2.256629e-01 -1.472112e-01
1.735346e-02 -3.419166e-01 5.575563e-01
0.000000e+00 0.000000e+00 0.000000e+00

4
hog_feature 3
31
14 4 12 6
4_cells_hog
0.000000e+00 0.000000e+00 0.000000e+00
0.000000e+00 0.000000e+00 0.000000e+00
2.107112e+01 3.792470e-01 -4.094337e-01

2
hog_feature 3
22
2 22 20 10
4_cells_hog
0.000000e+00 0.000000e+00 0.000000e+00
2.619923e+01 4.939116e-01 -3.116302e-01
0.000000e+00 0.000000e+00 0.000000e+00

5
hog_feature 3
35
4 20 10 10
4_cells_hog
3.866467e+01 -3.264538e-01 1.268999e-01
0.000000e+00 0.000000e+00 0.000000e+00
2.206320e+02 -2.301468e-01 4.654392e-01

2
haar_feature 1
2
20 10 5 9 0 -1
20 16 5 3 0 3
haar_y3_2
0.000000e+00 0.000000e+00 0.000000e+00
-5.612514e-03 3.754709e-01 -4.523369e-01
0.000000e+00 0.000000e+00 0.000000e+00

5
haar_feature 1
2
10 20 21 15 0 -1
10 25 21 5 0 3
haar_y3_0
3.877940e-02 -7.196155e-02 5.510463e-01
0.000000e+00 0.000000e+00 0.000000e+00
2.238282e-02 -1.953389e-01 3.999711e-01

2
hog_feature 3
16
20 2 16 32
4_cells_hog
0.000000e+00 0.000000e+00 0.000000e+00
1.809619e+02 -6.818317e-01 2.300026e-01
0.000000e+00 0.000000e+00 0.000000e+00

5
hog_feature 3
14
2 8 28 14
4_cells_hog
2.978577e+01 3.119609e-01 -1.344818e-01
0.000000e+00 0.000000e+00 0.000000e+00
2.822845e+01 5.012758e-01 -1.443189e-01

2
hog_feature 3
5
0 4 14 14
4_cells_hog
0.000000e+00 0.000000e+00 0.000000e+00
8.520197e+01 2.893741e-01 -5.078898e-01
0.000000e+00 0.000000e+00 0.000000e+00

5
hog_feature 3
25
0 12 12 24
4_cells_hog
9.013300e+02 -2.452767e-02 9.082254e-01
0.000000e+00 0.000000e+00 0.000000e+00
1.908284e+01 5.872316e-01 -1.417152e-01

1
hog_feature 3
30
16 0 18 36
4_cells_hog
4.460507e+02 1.366872e-01 -4.590418e-01
0.000000e+00 0.000000e+00 0.000000e+00
0.000000e+00 0.000000e+00 0.000000e+00

6
haar_feature 1
2
20 18 9 8 0 -1
23 18 3 8 0 3
haar_x3_0
0.000000e+00 0.000000e+00 0.000000e+00
7.576658e-04 -4.183270e-01 2.999610e-01
-5.291109e-03 3.937074e-01 -1.211864e-01

2
haar_feature 1
2
8 14 26 5 0 -1
21 14 13 5 0 2
haar_x2
0.000000e+00 0.000000e+00 0.000000e+00
1.448862e-02 2.557744e-01 -5.825239e-01
0.000000e+00 0.000000e+00 0.000000e+00

5
haar_feature 1
2
18 0 10 6 0 -1
18 3 10 3 0 2
haar_y2
2.268919e-03 -2.023621e-01 2.848820e-01
0.000000e+00 0.000000e+00 0.000000e+00
5.681922e-03 -1.507221e-01 2.615116e-01

3
hog_feature 3
7
6 18 12 12
4_cells_hog
2.656708e+01 1.914486e-01 -1.307176e-01
7.278330e+01 -4.842296e-01 2.828300e-01
0.000000e+00 0.000000e+00 0.000000e+00

4
haar_feature 1
2
10 22 9 3 0 -1
16 22 3 3 0 3
haar_x3_2
0.000000e+00 0.000000e+00 0.000000e+00
0.000000e+00 0.000000e+00 0.000000e+00
8.126633e-04 2.796474e-01 -3.576607e-01

1
haar_feature 1
3
12 14 26 8 0 -1
12 14 13 4 0 2
25 18 13 4 0 2
haar_x2_y2
-1.766747e-02 4.591914e-01 -1.314948e-01
0.000000e+00 0.000000e+00 0.000000e+00
0.000000e+00 0.000000e+00 0.000000e+00

6
var_feature 2
1
16 30 6 5
one_rect_var
0.000000e+00 0.000000e+00 0.000000e+00
1.971069e+02 3.213490e-01 -4.651335e-01
1.053540e+03 7.665510e-02 -5.459492e-01

3
hog_feature 3
14
18 20 6 12
4_cells_hog
4.577637e-05 -4.642971e-01 1.078054e-01
2.215405e+01 2.145996e-01 -3.747042e-01
0.000000e+00 0.000000e+00 0.000000e+00

4
hog_feature 3
31
16 14 6 6
4_cells_hog
0.000000e+00 0.000000e+00 0.000000e+00
0.000000e+00 0.000000e+00 0.000000e+00
3.227690e+01 -1.670445e-01 6.011796e-01

3
haar_feature 1
2
16 6 15 34 0 -1
16 23 15 17 0 2
haar_y2
1.557817e-01 4.625740e-02 -8.047470e-01
9.815717e-02 1.661822e-01 -5.940311e-01
0.000000e+00 0.000000e+00 0.000000e+00

4
hog_feature 3
10
20 28 12 6
4_cells_hog
0.000000e+00 0.000000e+00 0.000000e+00
0.000000e+00 0.000000e+00 0.000000e+00
4.371753e+01 -3.182288e-01 2.913712e-01

1
hog_feature 3
16
10 8 6 12
4_cells_hog
2.920448e+02 -1.045028e-01 5.917858e-01
0.000000e+00 0.000000e+00 0.000000e+00
0.000000e+00 0.000000e+00 0.000000e+00

6
hog_feature 3
15
22 0 16 8
4_cells_hog
0.000000e+00 0.000000e+00 0.000000e+00
3.684225e+01 2.211267e-01 -3.672564e-01
8.485279e+00 4.174629e-01 -1.951495e-01

1
hog_feature 3
11
4 16 10 20
4_cells_hog
3.338531e+02 -1.062564e-01 5.358134e-01
0.000000e+00 0.000000e+00 0.000000e+00
0.000000e+00 0.000000e+00 0.000000e+00

6
haar_feature 1
2
12 24 7 9 0 -1
12 27 7 3 0 3
haar_y3_0
0.000000e+00 0.000000e+00 0.000000e+00
8.761685e-04 -4.183961e-01 1.945506e-01
7.234207e-04 -2.217670e-01 3.236313e-01

1
hog_feature 3
5
4 10 26 26
4_cells_hog
4.871664e+02 1.744895e-01 -3.645351e-01
0.000000e+00 0.000000e+00 0.000000e+00
0.000000e+00 0.000000e+00 0.000000e+00

6
var_feature 2
1
16 18 7 4
one_rect_var
0.000000e+00 0.000000e+00 0.000000e+00
3.786670e+01 -8.571402e-01 8.246379e-02
3.869238e+01 3.566577e-01 -2.360848e-01

2
hog_feature 3
22
4 12 24 24
4_cells_hog
0.000000e+00 0.000000e+00 0.000000e+00
1.394535e+02 5.115656e-01 -2.931161e-01
0.000000e+00 0.000000e+00 0.000000e+00

5
hog_feature 3
6
14 14 14 14
4_cells_hog
3.819203e+02 -1.094297e-01 4.859388e-01
0.000000e+00 0.000000e+00 0.000000e+00
1.989738e+01 -3.373589e-01 1.876101e-01

1
haar_feature 1
2
16 28 6 9 0 -1
16 34 6 3 0 3
haar_y3_2
-4.342555e-04 -2.417010e-01 2.588406e-01
0.000000e+00 0.000000e+00 0.000000e+00
0.000000e+00 0.000000e+00 0.000000e+00

6
hog_feature 3
13
10 22 8 16
4_cells_hog
0.000000e+00 0.000000e+00 0.000000e+00
2.497688e+02 -1.823399e-01 6.921713e-01
7.015976e+01 7.952973e-02 -6.023810e-01

3
hog_feature 3
2
0 0 4 4
4_cells_hog
4.621320e+00 1.336331e-01 -4.432551e-01
3.216989e+00 1.589727e-01 -3.443399e-01
0.000000e+00 0.000000e+00 0.000000e+00

4
haar_feature 1
2
0 16 15 17 0 -1
5 16 5 17 0 2
haar_x3_3
0.000000e+00 0.000000e+00 0.000000e+00
0.000000e+00 0.000000e+00 0.000000e+00
-1.837445e-01 -4.210873e-01 2.140709e-01

1
haar_feature 1
2
2 2 20 9 0 -1
2 2 20 3 0 2
haar_y3_4
-8.530876e-02 -1.980153e-01 3.091193e-01
0.000000e+00 0.000000e+00 0.000000e+00
0.000000e+00 0.000000e+00 0.000000e+00

6
hog_feature 3
0
16 12 8 16
4_cells_hog
0.000000e+00 0.000000e+00 0.000000e+00
4.937427e+01 -2.584093e-01 2.173443e-01
2.937634e+01 -5.037175e-01 1.588794e-01

5
var_feature 2
1
34 14 4 5
one_rect_var
4.250122e+00 6.571065e-01 -8.691475e-02
0.000000e+00 0.000000e+00 0.000000e+00
1.631086e+02 1.482809e-01 -1.956853e-01

5
hog_feature 3
28
16 4 14 14
4_cells_hog
1.829202e+02 -2.285948e-01 2.394403e-01
0.000000e+00 0.000000e+00 0.000000e+00
1.178206e+03 -4.425129e-02 9.162973e-01

5
haar_feature 1
2
18 18 3 12 0 -1
18 22 3 4 0 3
haar_y3_0
1.606841e-02 3.704289e-02 -8.513042e-01
0.000000e+00 0.000000e+00 0.000000e+00
9.796366e-04 1.901792e-01 -4.613810e-01

5
var_feature 2
1
0 8 35 7
one_rect_var
3.860178e+03 5.023895e-02 -7.740462e-01
0.000000e+00 0.000000e+00 0.000000e+00
3.371968e+03 7.921367e-02 -6.948184e-01

5
haar_feature 1
2
14 12 12 9 0 -1
20 12 6 9 0 2
haar_x2
-2.576885e-02 -3.888922e-01 6.044814e-02
0.000000e+00 0.000000e+00 0.000000e+00
1.600964e-02 1.263667e-01 -6.578853e-01

5
hog_feature 3
3
0 12 14 14
4_cells_hog
2.313185e+01 3.222085e-01 -1.722171e-01
0.000000e+00 0.000000e+00 0.000000e+00
9.980284e+01 1.032166e-01 -2.774415e-01

5
hog_feature 3
25
8 2 18 18
4_cells_hog
3.207682e+02 -1.438129e-01 2.513087e-01
0.000000e+00 0.000000e+00 0.000000e+00
7.901563e+02 -8.939272e-02 7.359374e-01

5
hog_feature 3
23
12 18 6 12
4_cells_hog
7.595970e+01 7.937261e-02 -2.805135e-01
0.000000e+00 0.000000e+00 0.000000e+00
1.252994e+01 2.407343e-01 -4.240333e-01

5
hog_feature 3
31
8 28 6 6
4_cells_hog
4.499969e+00 1.900315e-01 -3.117098e-01
0.000000e+00 0.000000e+00 0.000000e+00
4.859000e+01 -6.848715e-02 5.710354e-01

1
haar_feature 1
2
16 8 6 21 0 -1
16 22 6 7 0 2
haar_y3_5
-2.103591e-02 6.744819e-02 -9.098506e-01
0.000000e+00 0.000000e+00 0.000000e+00
0.000000e+00 0.000000e+00 0.000000e+00

29
0 2 5 7 9 11 12 15 16 18 20 22 24 26 28 31 32 34 36 38 39 40 41 42 43 44 45 46 47 
-4.003327e-01
19
1 2 4 6 8 10 13 14 16 19 20 22 25 27 29 30 33 34 37 
-4.030785e-01
28
1 3 5 7 9 11 13 15 17 19 21 23 25 27 29 31 33 35 37 38 39 40 41 42 43 44 45 46 
-4.245269e-01

15
-1
