71
2
haar_feature 1
2
22 6 5 21 0 -1
22 13 5 7 0 3
haar_y3_0
0.000000e+00 0.000000e+00 0.000000e+00
-4.067870e-02 3.514986e-01 -5.601069e-01
0.000000e+00 0.000000e+00 0.000000e+00

5
hog_feature 3
17
4 26 10 10
4_cells_hog
3.862720e+02 -4.209284e-01 1.598174e-01
0.000000e+00 0.000000e+00 0.000000e+00
3.631934e+02 -4.761279e-01 1.248207e-01

2
haar_feature 1
2
8 20 19 9 0 -1
8 26 19 3 0 3
haar_y3_2
0.000000e+00 0.000000e+00 0.000000e+00
2.161036e-02 -4.951853e-01 2.141355e-01
0.000000e+00 0.000000e+00 0.000000e+00

5
haar_feature 1
2
10 0 15 28 0 -1
10 14 15 14 0 2
haar_y2
3.438601e-02 -2.392780e-01 1.845255e-01
0.000000e+00 0.000000e+00 0.000000e+00
9.043062e-02 -2.158775e-01 3.195905e-01

2
hog_feature 3
8
2 22 16 16
4_cells_hog
0.000000e+00 0.000000e+00 0.000000e+00
4.910029e+02 -2.989958e-01 3.815047e-01
0.000000e+00 0.000000e+00 0.000000e+00

5
hog_feature 3
17
2 2 28 14
4_cells_hog
3.559940e+02 -2.936426e-01 1.278102e-01
0.000000e+00 0.000000e+00 0.000000e+00
2.280504e+02 -3.328877e-01 1.181847e-01

1
haar_feature 1
2
4 16 36 7 0 -1
16 16 12 7 0 3
haar_x3_0
1.241595e-01 -1.244126e-01 4.247313e-01
0.000000e+00 0.000000e+00 0.000000e+00
0.000000e+00 0.000000e+00 0.000000e+00

6
hog_feature 3
17
20 28 8 8
4_cells_hog
0.000000e+00 0.000000e+00 0.000000e+00
7.324219e-04 2.763158e-01 -2.457420e-01
2.572546e+01 1.727614e-01 -3.701336e-01

2
hog_feature 3
20
2 2 28 28
4_cells_hog
0.000000e+00 0.000000e+00 0.000000e+00
4.918603e+02 1.787431e-01 -5.289325e-01
0.000000e+00 0.000000e+00 0.000000e+00

5
hog_feature 3
6
20 6 14 28
4_cells_hog
2.295972e+02 1.373824e-01 -3.026705e-01
0.000000e+00 0.000000e+00 0.000000e+00
2.110420e+02 1.122989e-01 -3.471809e-01

2
haar_feature 1
2
6 0 28 12 0 -1
6 6 28 6 0 2
haar_y2
0.000000e+00 0.000000e+00 0.000000e+00
8.123608e-02 -2.016132e-01 4.497086e-01
0.000000e+00 0.000000e+00 0.000000e+00

5
hog_feature 3
7
8 4 30 30
4_cells_hog
2.138817e+03 -8.669826e-02 3.943346e-01
0.000000e+00 0.000000e+00 0.000000e+00
1.960728e+03 -8.701822e-02 5.891660e-01

2
hog_feature 3
11
14 20 8 16
4_cells_hog
0.000000e+00 0.000000e+00 0.000000e+00
8.533316e+01 -3.552712e-01 2.673567e-01
0.000000e+00 0.000000e+00 0.000000e+00

5
hog_feature 3
13
4 0 24 12
4_cells_hog
2.908105e+01 -2.936049e-01 7.697675e-02
0.000000e+00 0.000000e+00 0.000000e+00
4.816860e+01 -5.145820e-01 1.186820e-01

3
hog_feature 3
7
0 0 20 10
4_cells_hog
7.992611e+01 1.201319e-01 -2.112293e-01
2.064760e+01 2.679737e-01 -2.702484e-01
0.000000e+00 0.000000e+00 0.000000e+00

4
haar_feature 1
2
18 18 4 12 0 -1
18 22 4 4 0 3
haar_y3_0
0.000000e+00 0.000000e+00 0.000000e+00
0.000000e+00 0.000000e+00 0.000000e+00
9.362235e-04 1.437018e-01 -3.849592e-01

2
hog_feature 3
1
4 8 12 24
4_cells_hog
0.000000e+00 0.000000e+00 0.000000e+00
9.103481e+01 -5.058203e-01 1.675861e-01
0.000000e+00 0.000000e+00 0.000000e+00

5
hog_feature 3
5
10 24 24 12
4_cells_hog
2.484773e+01 -6.169167e-01 5.003829e-02
0.000000e+00 0.000000e+00 0.000000e+00
1.447351e+01 2.592719e-01 -1.561700e-01

3
hog_feature 3
4
8 14 28 14
4_cells_hog
5.829431e+01 -3.912657e-01 5.473385e-02
4.786455e+02 9.170482e-02 -6.845844e-01
0.000000e+00 0.000000e+00 0.000000e+00

4
haar_feature 1
2
14 12 10 9 0 -1
14 15 10 3 0 3
haar_y3_0
0.000000e+00 0.000000e+00 0.000000e+00
0.000000e+00 0.000000e+00 0.000000e+00
-1.253228e-03 2.400931e-01 -2.682108e-01

2
hog_feature 3
32
6 16 12 6
4_cells_hog
0.000000e+00 0.000000e+00 0.000000e+00
1.552897e+01 -4.154114e-01 1.985935e-01
0.000000e+00 0.000000e+00 0.000000e+00

5
haar_feature 1
2
24 22 16 15 0 -1
24 27 16 5 0 2
haar_y3_3
-1.534577e-01 -2.895460e-01 1.142881e-01
0.000000e+00 0.000000e+00 0.000000e+00
-1.291060e-01 -2.030063e-01 1.593353e-01

2
hog_feature 3
31
20 22 10 10
4_cells_hog
0.000000e+00 0.000000e+00 0.000000e+00
7.541382e+00 3.255320e-01 -2.686186e-01
0.000000e+00 0.000000e+00 0.000000e+00

5
var_feature 2
1
14 14 11 9
one_rect_var
4.001848e+03 1.961162e-02 -8.253317e-01
0.000000e+00 0.000000e+00 0.000000e+00
1.297458e+03 8.834464e-02 -6.016794e-01

2
haar_feature 1
2
4 28 11 9 0 -1
4 34 11 3 0 3
haar_y3_2
0.000000e+00 0.000000e+00 0.000000e+00
-4.981525e-03 2.661309e-01 -3.195400e-01
0.000000e+00 0.000000e+00 0.000000e+00

5
var_feature 2
1
22 20 5 4
one_rect_var
1.691284e+02 1.762826e-01 -1.576886e-01
0.000000e+00 0.000000e+00 0.000000e+00
3.801904e+01 -3.996978e-01 1.009966e-01

2
haar_feature 1
2
6 4 24 18 0 -1
6 13 24 9 0 2
haar_y2
0.000000e+00 0.000000e+00 0.000000e+00
-1.092613e-01 4.465540e-01 -2.062759e-01
0.000000e+00 0.000000e+00 0.000000e+00

5
hog_feature 3
34
6 6 18 18
4_cells_hog
1.984285e+02 -3.319489e-01 1.491556e-01
0.000000e+00 0.000000e+00 0.000000e+00
1.167133e+01 -5.137383e-01 2.490304e-02

1
hog_feature 3
25
24 4 14 14
4_cells_hog
6.641510e+01 2.096939e-01 -2.410218e-01
0.000000e+00 0.000000e+00 0.000000e+00
0.000000e+00 0.000000e+00 0.000000e+00

6
var_feature 2
1
12 12 11 19
one_rect_var
0.000000e+00 0.000000e+00 0.000000e+00
2.387328e+03 8.265769e-02 -7.450117e-01
1.022449e+02 4.270749e-01 -1.081801e-01

3
haar_feature 1
2
16 12 5 21 0 -1
16 26 5 7 0 2
haar_y3_5
-1.991218e-02 2.958860e-02 -7.354169e-01
-9.126972e-02 -6.106486e-01 1.075254e-01
0.000000e+00 0.000000e+00 0.000000e+00

4
hog_feature 3
34
6 14 8 4
4_cells_hog
0.000000e+00 0.000000e+00 0.000000e+00
0.000000e+00 0.000000e+00 0.000000e+00
2.827267e+01 -1.662336e-01 3.745297e-01

1
hog_feature 3
31
8 28 16 8
4_cells_hog
4.639975e+01 1.322554e-01 -3.066791e-01
0.000000e+00 0.000000e+00 0.000000e+00
0.000000e+00 0.000000e+00 0.000000e+00

6
hog_feature 3
28
14 2 18 36
4_cells_hog
0.000000e+00 0.000000e+00 0.000000e+00
2.345020e+02 -4.646022e-01 1.045449e-01
2.240577e+02 -6.046523e-01 8.350108e-02

1
var_feature 2
1
22 10 5 6
one_rect_var
2.416386e+02 -3.099050e-01 1.371258e-01
0.000000e+00 0.000000e+00 0.000000e+00
0.000000e+00 0.000000e+00 0.000000e+00

6
hog_feature 3
11
26 8 12 24
4_cells_hog
0.000000e+00 0.000000e+00 0.000000e+00
8.977155e+01 2.224082e-01 -3.666596e-01
4.322419e+02 5.085880e-02 -4.866817e-01

3
hog_feature 3
11
6 4 16 16
4_cells_hog
4.760300e+01 1.679190e-01 -1.600974e-01
4.159993e+01 -6.087605e-01 9.765511e-02
0.000000e+00 0.000000e+00 0.000000e+00

4
hog_feature 3
13
10 26 10 10
4_cells_hog
0.000000e+00 0.000000e+00 0.000000e+00
0.000000e+00 0.000000e+00 0.000000e+00
7.000183e+00 2.165525e-01 -2.419997e-01

2
hog_feature 3
11
2 22 10 10
4_cells_hog
0.000000e+00 0.000000e+00 0.000000e+00
7.071053e+00 2.674021e-01 -3.137814e-01
0.000000e+00 0.000000e+00 0.000000e+00

5
hog_feature 3
27
4 28 20 10
4_cells_hog
3.259216e+02 6.730840e-02 -4.600919e-01
0.000000e+00 0.000000e+00 0.000000e+00
2.023445e+02 7.597565e-02 -3.578503e-01

2
haar_feature 1
2
18 14 3 6 0 -1
18 17 3 3 0 2
haar_y2
0.000000e+00 0.000000e+00 0.000000e+00
-5.561499e-04 1.903524e-01 -4.115510e-01
0.000000e+00 0.000000e+00 0.000000e+00

5
hog_feature 3
28
12 0 18 18
4_cells_hog
5.675959e+02 -1.262954e-01 2.428205e-01
0.000000e+00 0.000000e+00 0.000000e+00
1.806259e+03 -4.717060e-02 7.590934e-01

2
var_feature 2
1
12 0 4 4
one_rect_var
0.000000e+00 0.000000e+00 0.000000e+00
8.357422e+00 4.665560e-01 -1.732811e-01
0.000000e+00 0.000000e+00 0.000000e+00

5
haar_feature 1
2
20 14 13 18 0 -1
20 14 13 6 0 2
haar_y3_4
-5.364483e-02 5.901724e-02 -5.301733e-01
0.000000e+00 0.000000e+00 0.000000e+00
-2.631194e-01 -7.557209e-01 4.832613e-02

1
haar_feature 1
2
16 18 13 15 0 -1
16 23 13 5 0 3
haar_y3_0
-2.709397e-03 1.960870e-01 -2.159575e-01
0.000000e+00 0.000000e+00 0.000000e+00
0.000000e+00 0.000000e+00 0.000000e+00

6
hog_feature 3
25
6 6 18 18
4_cells_hog
0.000000e+00 0.000000e+00 0.000000e+00
6.099936e+01 -8.030571e-01 8.172033e-02
1.219501e+03 -5.521106e-02 6.130872e-01

5
var_feature 2
1
0 0 37 4
one_rect_var
8.204904e+02 1.933288e-01 -1.467115e-01
0.000000e+00 0.000000e+00 0.000000e+00
3.019606e+02 3.767180e-01 -7.448500e-02

5
hog_feature 3
7
14 2 20 10
4_cells_hog
6.887743e+01 -2.787415e-01 1.132688e-01
0.000000e+00 0.000000e+00 0.000000e+00
3.061256e+01 -3.739711e-01 7.243398e-02

5
hog_feature 3
26
14 18 6 6
4_cells_hog
2.088339e+01 -9.689324e-02 1.078571e-01
0.000000e+00 0.000000e+00 0.000000e+00
1.225113e+01 1.623355e-01 -3.058563e-01

5
hog_feature 3
20
2 30 16 8
4_cells_hog
5.410648e+02 -2.232764e-02 5.521963e-01
0.000000e+00 0.000000e+00 0.000000e+00
2.685821e+02 -8.802491e-02 5.631180e-01

5
haar_feature 1
2
16 30 3 8 0 -1
16 34 3 4 0 2
haar_y2
1.852949e-04 -1.221672e-01 1.437480e-01
0.000000e+00 0.000000e+00 0.000000e+00
-4.698086e-04 1.558818e-01 -2.951250e-01

5
hog_feature 3
5
16 16 14 14
4_cells_hog
3.578418e+01 -3.147306e-01 6.320627e-02
0.000000e+00 0.000000e+00 0.000000e+00
6.708176e+00 -5.545493e-01 6.596861e-02

5
hog_feature 3
5
16 6 16 16
4_cells_hog
4.821074e+01 1.301942e-01 -1.622153e-01
0.000000e+00 0.000000e+00 0.000000e+00
5.391961e+01 1.640332e-01 -2.781794e-01

5
hog_feature 3
6
8 8 10 20
4_cells_hog
4.116790e+02 -6.488383e-02 4.159984e-01
0.000000e+00 0.000000e+00 0.000000e+00
1.867040e+02 -1.089570e-01 3.310769e-01

5
hog_feature 3
31
4 8 14 28
4_cells_hog
3.977029e+02 8.351618e-02 -4.443486e-01
0.000000e+00 0.000000e+00 0.000000e+00
8.141148e+01 1.396662e-01 -1.637001e-01

5
hog_feature 3
24
26 16 8 16
4_cells_hog
1.939882e+02 5.824859e-02 -3.723605e-01
0.000000e+00 0.000000e+00 0.000000e+00
3.397760e+01 1.268716e-01 -2.977434e-01

5
hog_feature 3
13
20 6 14 28
4_cells_hog
1.121984e+03 -3.978005e-02 6.961843e-01
0.000000e+00 0.000000e+00 0.000000e+00
4.667027e+01 -3.875843e-01 8.827601e-02

5
hog_feature 3
18
4 20 16 8
4_cells_hog
2.761545e+02 -1.008241e-01 3.867381e-01
0.000000e+00 0.000000e+00 0.000000e+00
8.105739e+02 -3.229937e-02 5.316615e-01

5
hog_feature 3
26
10 10 8 8
4_cells_hog
1.019803e+01 1.713817e-01 -1.050302e-01
0.000000e+00 0.000000e+00 0.000000e+00
1.317332e+01 -3.822885e-01 9.798557e-02

5
haar_feature 1
2
14 34 15 6 0 -1
14 37 15 3 0 2
haar_y2
-1.516751e-02 4.203882e-01 -8.113337e-02
0.000000e+00 0.000000e+00 0.000000e+00
-1.765922e-02 3.421729e-01 -5.703906e-02

5
haar_feature 1
2
14 6 13 32 0 -1
14 22 13 16 0 2
haar_y2
1.408998e-01 3.832582e-02 -7.351550e-01
0.000000e+00 0.000000e+00 0.000000e+00
1.344743e-01 3.130141e-02 -9.683145e-01

5
haar_feature 1
2
12 16 28 18 0 -1
12 22 28 6 0 2
haar_y3_3
-2.289746e-01 -1.532762e-01 2.563854e-01
0.000000e+00 0.000000e+00 0.000000e+00
-1.128132e-01 1.516055e-03 -9.160450e-01

5
haar_feature 1
2
10 20 6 4 0 -1
13 20 3 4 0 2
haar_x2
1.082789e-02 -4.539926e-02 4.631798e-01
0.000000e+00 0.000000e+00 0.000000e+00
5.847761e-04 1.597221e-01 -2.044028e-01

5
haar_feature 1
2
4 4 18 7 0 -1
13 4 9 7 0 2
haar_x2
5.131799e-02 5.137482e-02 -6.094869e-01
0.000000e+00 0.000000e+00 0.000000e+00
1.205789e-02 -1.811449e-01 2.010591e-01

1
hog_feature 3
27
16 4 14 28
4_cells_hog
7.929980e+01 -6.215265e-01 5.669865e-02
0.000000e+00 0.000000e+00 0.000000e+00
0.000000e+00 0.000000e+00 0.000000e+00

1
hog_feature 3
24
2 2 18 36
4_cells_hog
1.704687e+02 2.140383e-01 -1.974067e-01
0.000000e+00 0.000000e+00 0.000000e+00
0.000000e+00 0.000000e+00 0.000000e+00

1
hog_feature 3
25
8 6 30 30
4_cells_hog
4.470880e+02 -3.744333e-01 1.095195e-01
0.000000e+00 0.000000e+00 0.000000e+00
0.000000e+00 0.000000e+00 0.000000e+00

1
hog_feature 3
27
10 16 14 14
4_cells_hog
1.786985e+02 1.072034e-01 -4.038977e-01
0.000000e+00 0.000000e+00 0.000000e+00
0.000000e+00 0.000000e+00 0.000000e+00

1
var_feature 2
1
18 20 9 16
one_rect_var
5.540796e+01 7.465138e-01 -5.305401e-02
0.000000e+00 0.000000e+00 0.000000e+00
0.000000e+00 0.000000e+00 0.000000e+00

1
var_feature 2
1
28 2 9 38
one_rect_var
4.657310e+02 -4.047895e-01 1.132252e-01
0.000000e+00 0.000000e+00 0.000000e+00
0.000000e+00 0.000000e+00 0.000000e+00

1
hog_feature 3
28
26 8 12 24
4_cells_hog
2.563939e+02 8.735751e-02 -4.365067e-01
0.000000e+00 0.000000e+00 0.000000e+00
0.000000e+00 0.000000e+00 0.000000e+00

48
1 3 5 6 9 11 13 14 17 18 21 23 25 27 28 30 32 34 36 39 41 43 44 46 47 48 49 50 51 52 53 54 55 56 57 58 59 60 61 62 63 64 65 66 67 68 69 70 
-1.479982e+00
23
0 2 4 7 8 10 12 14 16 18 20 22 24 26 29 30 33 35 36 38 40 42 45 
-1.805128e+00
41
1 3 5 7 9 11 13 15 17 19 21 23 25 27 29 31 33 35 37 39 41 43 45 46 47 48 49 50 51 52 53 54 55 56 57 58 59 60 61 62 63 
-1.641080e+00

9
-1
