44
1
hog_feature 3
9
6 4 26 26
4_cells_hog
1.997944e+03 -4.796681e-01 2.897527e-01
0.000000e+00 0.000000e+00 0.000000e+00
0.000000e+00 0.000000e+00 0.000000e+00

6
haar_feature 1
2
10 20 17 18 0 -1
10 26 17 6 0 3
haar_y3_0
0.000000e+00 0.000000e+00 0.000000e+00
3.111576e-02 -7.450258e-01 1.046154e-02
3.485724e-02 -5.359223e-01 1.207835e-01

2
hog_feature 3
26
0 10 20 20
4_cells_hog
0.000000e+00 0.000000e+00 0.000000e+00
4.630241e+02 -5.028111e-01 3.383794e-01
0.000000e+00 0.000000e+00 0.000000e+00

5
hog_feature 3
25
10 20 16 16
4_cells_hog
2.909799e+02 -2.550198e-01 3.515750e-01
0.000000e+00 0.000000e+00 0.000000e+00
9.659073e+02 -1.191195e-01 7.923564e-01

3
hog_feature 3
27
0 10 18 18
4_cells_hog
1.174491e+02 -4.339737e-01 9.579058e-02
2.108449e+02 2.651565e-01 -5.847778e-01
0.000000e+00 0.000000e+00 0.000000e+00

4
hog_feature 3
0
14 4 18 18
4_cells_hog
0.000000e+00 0.000000e+00 0.000000e+00
0.000000e+00 0.000000e+00 0.000000e+00
3.843157e+02 -3.333110e-01 3.301585e-01

3
hog_feature 3
28
22 14 14 14
4_cells_hog
1.784791e+02 9.701864e-02 -4.138519e-01
2.208616e+02 -3.214436e-01 4.651768e-01
0.000000e+00 0.000000e+00 0.000000e+00

4
var_feature 2
1
14 20 8 4
one_rect_var
0.000000e+00 0.000000e+00 0.000000e+00
0.000000e+00 0.000000e+00 0.000000e+00
6.262646e+01 3.313980e-01 -3.253519e-01

1
hog_feature 3
4
18 4 10 20
4_cells_hog
2.010387e+01 2.955275e-01 -2.386716e-01
0.000000e+00 0.000000e+00 0.000000e+00
0.000000e+00 0.000000e+00 0.000000e+00

6
haar_feature 1
2
14 14 7 6 0 -1
14 17 7 3 0 2
haar_y2
0.000000e+00 0.000000e+00 0.000000e+00
-1.657450e-03 2.293816e-01 -5.069679e-01
6.547741e-04 -2.984728e-01 2.587851e-01

2
hog_feature 3
31
26 2 12 24
4_cells_hog
0.000000e+00 0.000000e+00 0.000000e+00
9.961505e+01 3.189768e-01 -5.186950e-01
0.000000e+00 0.000000e+00 0.000000e+00

5
hog_feature 3
19
24 4 14 28
4_cells_hog
3.250284e+01 -6.423481e-01 4.553199e-02
0.000000e+00 0.000000e+00 0.000000e+00
6.020632e+02 -2.324683e-01 3.689896e-01

3
hog_feature 3
6
22 6 14 14
4_cells_hog
7.958932e+01 1.318004e-01 -3.070104e-01
3.957481e+01 -6.115971e-01 1.788177e-01
0.000000e+00 0.000000e+00 0.000000e+00

4
hog_feature 3
31
6 12 24 24
4_cells_hog
0.000000e+00 0.000000e+00 0.000000e+00
0.000000e+00 0.000000e+00 0.000000e+00
3.898461e+02 1.583322e-01 -6.033121e-01

2
hog_feature 3
2
2 0 16 8
4_cells_hog
0.000000e+00 0.000000e+00 0.000000e+00
1.847351e+01 3.310207e-01 -4.637085e-01
0.000000e+00 0.000000e+00 0.000000e+00

5
hog_feature 3
8
10 12 6 12
4_cells_hog
1.827372e+01 1.986008e-01 -1.702002e-01
0.000000e+00 0.000000e+00 0.000000e+00
2.393848e+01 -4.217549e-01 1.924429e-01

3
haar_feature 1
2
8 14 12 4 0 -1
16 14 4 4 0 2
haar_x3_5
-1.541466e-02 -1.808954e-01 2.922276e-01
-1.416637e-02 9.615887e-02 -9.236374e-01
0.000000e+00 0.000000e+00 0.000000e+00

4
hog_feature 3
13
4 8 16 16
4_cells_hog
0.000000e+00 0.000000e+00 0.000000e+00
0.000000e+00 0.000000e+00 0.000000e+00
1.996205e+02 8.856766e-02 -8.399504e-01

2
hog_feature 3
25
8 8 14 14
4_cells_hog
0.000000e+00 0.000000e+00 0.000000e+00
4.406871e+01 -7.421939e-01 1.587524e-01
0.000000e+00 0.000000e+00 0.000000e+00

5
hog_feature 3
13
4 0 24 12
4_cells_hog
3.713049e+01 -3.749973e-01 1.221237e-01
0.000000e+00 0.000000e+00 0.000000e+00
5.002984e+01 -5.135041e-01 1.114360e-01

1
hog_feature 3
8
10 2 28 14
4_cells_hog
1.586768e+02 -5.690844e-01 1.059927e-01
0.000000e+00 0.000000e+00 0.000000e+00
0.000000e+00 0.000000e+00 0.000000e+00

6
var_feature 2
1
36 0 4 11
one_rect_var
0.000000e+00 0.000000e+00 0.000000e+00
6.031294e+02 1.606917e-01 -5.089557e-01
1.956504e+02 3.132668e-01 -2.574891e-01

3
var_feature 2
1
20 20 7 4
one_rect_var
7.120190e+01 4.371429e-01 -1.241351e-01
3.996582e+01 -7.776632e-01 8.998341e-02
0.000000e+00 0.000000e+00 0.000000e+00

4
hog_feature 3
35
16 28 8 8
4_cells_hog
0.000000e+00 0.000000e+00 0.000000e+00
0.000000e+00 0.000000e+00 0.000000e+00
9.486694e+00 2.243306e-01 -3.467314e-01

5
hog_feature 3
24
14 10 20 20
4_cells_hog
3.310255e+02 -2.886306e-01 2.816304e-01
0.000000e+00 0.000000e+00 0.000000e+00
1.839458e+02 6.358489e-02 -2.969289e-01

5
hog_feature 3
10
12 10 20 20
4_cells_hog
4.933288e+02 -1.920057e-01 2.607338e-01
0.000000e+00 0.000000e+00 0.000000e+00
3.993150e+01 -8.102314e-01 5.310379e-02

5
hog_feature 3
7
10 4 22 22
4_cells_hog
1.881610e+03 -6.073374e-02 6.393592e-01
0.000000e+00 0.000000e+00 0.000000e+00
1.193565e+03 -1.047228e-01 6.951450e-01

5
var_feature 2
1
16 12 9 23
one_rect_var
1.841287e+03 1.338124e-01 -4.780178e-01
0.000000e+00 0.000000e+00 0.000000e+00
5.401982e+02 2.048118e-01 -2.291172e-01

5
haar_feature 1
2
4 0 28 30 0 -1
4 0 28 10 0 3
haar_y3_1
-2.539104e-02 1.260129e-01 -1.602355e-01
0.000000e+00 0.000000e+00 0.000000e+00
-1.455244e-01 3.666804e-01 -2.386475e-01

5
var_feature 2
1
16 32 18 7
one_rect_var
5.536810e+01 -9.054021e-01 4.217976e-02
0.000000e+00 0.000000e+00 0.000000e+00
6.452127e+01 -9.055034e-01 6.951417e-02

5
hog_feature 3
1
0 0 14 14
4_cells_hog
1.689911e+01 2.606263e-01 -1.470114e-01
0.000000e+00 0.000000e+00 0.000000e+00
4.126930e+01 2.254220e-01 -2.373240e-01

5
haar_feature 1
2
10 8 15 12 0 -1
20 8 5 12 0 3
haar_x3_2
-5.797727e-02 -4.446086e-01 7.128601e-02
0.000000e+00 0.000000e+00 0.000000e+00
-6.282176e-02 -8.549975e-01 7.987452e-02

5
haar_feature 1
2
16 10 4 21 0 -1
16 24 4 7 0 2
haar_y3_5
-2.184599e-02 7.501441e-02 -6.083779e-01
0.000000e+00 0.000000e+00 0.000000e+00
-6.860368e-02 -4.344615e-01 1.026868e-01

1
hog_feature 3
35
14 26 12 12
4_cells_hog
7.472900e+01 2.084260e-01 -2.937012e-01
0.000000e+00 0.000000e+00 0.000000e+00
0.000000e+00 0.000000e+00 0.000000e+00

1
hog_feature 3
17
10 14 14 14
4_cells_hog
6.045200e+01 -5.569648e-01 9.007967e-02
0.000000e+00 0.000000e+00 0.000000e+00
0.000000e+00 0.000000e+00 0.000000e+00

1
hog_feature 3
16
0 14 10 20
4_cells_hog
3.426748e+01 2.764123e-01 -1.981421e-01
0.000000e+00 0.000000e+00 0.000000e+00
0.000000e+00 0.000000e+00 0.000000e+00

1
haar_feature 1
2
12 16 24 21 0 -1
28 16 8 21 0 3
haar_x3_2
-1.425649e-01 3.014333e-01 -1.745991e-01
0.000000e+00 0.000000e+00 0.000000e+00
0.000000e+00 0.000000e+00 0.000000e+00

1
hog_feature 3
20
16 0 14 14
4_cells_hog
8.129724e+01 1.580149e-01 -3.189165e-01
0.000000e+00 0.000000e+00 0.000000e+00
0.000000e+00 0.000000e+00 0.000000e+00

1
hog_feature 3
2
8 18 18 18
4_cells_hog
1.311509e+02 -3.057615e-01 1.727924e-01
0.000000e+00 0.000000e+00 0.000000e+00
0.000000e+00 0.000000e+00 0.000000e+00

1
haar_feature 1
2
6 20 27 15 0 -1
15 20 9 15 0 3
haar_x3_0
-8.648654e-02 4.789798e-01 -1.148417e-01
0.000000e+00 0.000000e+00 0.000000e+00
0.000000e+00 0.000000e+00 0.000000e+00

1
hog_feature 3
15
16 24 6 12
4_cells_hog
1.280626e+01 -3.728509e-01 1.492977e-01
0.000000e+00 0.000000e+00 0.000000e+00
0.000000e+00 0.000000e+00 0.000000e+00

1
hog_feature 3
28
8 2 28 14
4_cells_hog
1.394583e+03 -8.381872e-02 6.438010e-01
0.000000e+00 0.000000e+00 0.000000e+00
0.000000e+00 0.000000e+00 0.000000e+00

1
var_feature 2
1
14 24 7 11
one_rect_var
8.325458e+01 5.305750e-01 -9.145714e-02
0.000000e+00 0.000000e+00 0.000000e+00
0.000000e+00 0.000000e+00 0.000000e+00

1
var_feature 2
1
16 6 6 7
one_rect_var
1.127070e+02 -5.833049e-01 9.258535e-02
0.000000e+00 0.000000e+00 0.000000e+00
0.000000e+00 0.000000e+00 0.000000e+00

32
0 3 4 6 8 11 12 15 16 19 20 22 24 25 26 27 28 29 30 31 32 33 34 35 36 37 38 39 40 41 42 43 
-1.659974e+00
12
1 2 4 6 9 10 12 14 16 18 21 22 
-1.518201e+00
21
1 3 5 7 9 11 13 15 17 19 21 23 24 25 26 27 28 29 30 31 32 
-1.604338e+00

6
-1
