23
2
haar_feature 1
3
20 16 14 14 0 -1
20 16 7 7 0 2
27 23 7 7 0 2
haar_x2_y2
0.000000e+00 0.000000e+00 0.000000e+00
-1.774327e-02 3.748854e-01 -7.387198e-01
0.000000e+00 0.000000e+00 0.000000e+00

5
haar_feature 1
2
0 14 39 21 0 -1
13 14 13 21 0 3
haar_x3_0
3.287764e-01 -5.046018e-01 5.261044e-01
0.000000e+00 0.000000e+00 0.000000e+00
3.967292e-01 -5.333334e-01 6.547619e-01

2
hog_feature 3
31
24 2 12 24
4_cells_hog
0.000000e+00 0.000000e+00 0.000000e+00
1.380215e+02 3.794340e-01 -7.190827e-01
0.000000e+00 0.000000e+00 0.000000e+00

5
hog_feature 3
4
16 6 20 20
4_cells_hog
1.170868e+02 3.068610e-01 -4.465358e-01
0.000000e+00 0.000000e+00 0.000000e+00
2.419803e+02 1.735955e-01 -7.680510e-01

1
hog_feature 3
25
14 0 14 28
4_cells_hog
1.425887e+02 -7.269220e-01 2.544132e-01
0.000000e+00 0.000000e+00 0.000000e+00
0.000000e+00 0.000000e+00 0.000000e+00

6
hog_feature 3
35
8 16 20 20
4_cells_hog
0.000000e+00 0.000000e+00 0.000000e+00
1.701062e+02 2.775300e-01 -6.262692e-01
3.254109e+02 2.170715e-01 -6.362918e-01

2
haar_feature 1
2
12 10 9 21 0 -1
12 17 9 7 0 3
haar_y3_0
0.000000e+00 0.000000e+00 0.000000e+00
-3.233570e-02 4.491691e-01 -5.566150e-01
0.000000e+00 0.000000e+00 0.000000e+00

5
hog_feature 3
28
16 0 16 32
4_cells_hog
5.279260e+01 -7.260156e-01 2.975267e-02
0.000000e+00 0.000000e+00 0.000000e+00
3.906875e+02 -5.983354e-01 4.117987e-01

1
hog_feature 3
31
0 24 28 14
4_cells_hog
2.098784e+02 3.145895e-01 -5.224379e-01
0.000000e+00 0.000000e+00 0.000000e+00
0.000000e+00 0.000000e+00 0.000000e+00

6
hog_feature 3
31
0 6 28 28
4_cells_hog
0.000000e+00 0.000000e+00 0.000000e+00
1.270817e+03 1.328959e-01 -8.448517e-01
3.894237e+02 2.445836e-01 -6.424956e-01

1
hog_feature 3
10
16 10 14 14
4_cells_hog
4.395162e+02 -2.314772e-01 6.890599e-01
0.000000e+00 0.000000e+00 0.000000e+00
0.000000e+00 0.000000e+00 0.000000e+00

6
var_feature 2
1
14 2 4 10
one_rect_var
0.000000e+00 0.000000e+00 0.000000e+00
1.442902e+02 -7.226610e-01 1.882422e-01
4.145874e+01 -9.084806e-01 1.658521e-01

3
hog_feature 3
21
6 8 14 28
4_cells_hog
4.372010e+02 1.310790e-01 -6.621672e-01
1.214356e+02 3.715772e-01 -5.570557e-01
0.000000e+00 0.000000e+00 0.000000e+00

4
haar_feature 1
2
16 30 12 8 0 -1
16 34 12 4 0 2
haar_y2
0.000000e+00 0.000000e+00 0.000000e+00
0.000000e+00 0.000000e+00 0.000000e+00
-9.934921e-03 4.625803e-01 -3.639432e-01

2
hog_feature 3
8
2 16 18 18
4_cells_hog
0.000000e+00 0.000000e+00 0.000000e+00
1.841072e+02 -6.842383e-01 3.334906e-01
0.000000e+00 0.000000e+00 0.000000e+00

5
hog_feature 3
23
16 10 10 20
4_cells_hog
1.972511e+01 -7.348304e-01 9.520547e-02
0.000000e+00 0.000000e+00 0.000000e+00
5.028627e+01 2.575478e-01 -5.626741e-01

5
hog_feature 3
8
16 2 16 16
4_cells_hog
1.201740e+02 -5.471683e-01 1.754145e-01
0.000000e+00 0.000000e+00 0.000000e+00
8.296980e+01 -5.747892e-01 1.799947e-01

5
hog_feature 3
5
16 10 20 10
4_cells_hog
6.612100e+01 2.543463e-01 -3.703811e-01
0.000000e+00 0.000000e+00 0.000000e+00
6.112591e+01 2.423252e-01 -5.293755e-01

1
hog_feature 3
16
4 8 18 18
4_cells_hog
8.080777e+02 -1.997189e-01 7.150880e-01
0.000000e+00 0.000000e+00 0.000000e+00
0.000000e+00 0.000000e+00 0.000000e+00

1
hog_feature 3
12
16 12 22 22
4_cells_hog
2.831167e+02 2.755736e-01 -4.379379e-01
0.000000e+00 0.000000e+00 0.000000e+00
0.000000e+00 0.000000e+00 0.000000e+00

1
haar_feature 1
2
10 4 30 36 0 -1
10 16 30 12 0 2
haar_y3_3
-5.611244e-01 -3.707251e-01 2.818809e-01
0.000000e+00 0.000000e+00 0.000000e+00
0.000000e+00 0.000000e+00 0.000000e+00

1
var_feature 2
1
14 12 13 24
one_rect_var
2.886629e+03 1.212625e-01 -8.702725e-01
0.000000e+00 0.000000e+00 0.000000e+00
0.000000e+00 0.000000e+00 0.000000e+00

1
var_feature 2
1
22 4 10 7
one_rect_var
1.232734e+02 -7.865824e-01 1.090592e-01
0.000000e+00 0.000000e+00 0.000000e+00
0.000000e+00 0.000000e+00 0.000000e+00

15
1 3 4 7 8 10 12 15 16 17 18 19 20 21 22 
-1.782847e+00
8
0 2 5 6 9 11 12 14 
-1.651259e+00
10
1 3 5 7 9 11 13 15 16 17 
-1.788545e+00

1
-1
