13
7
hog_feature 3
16
30 18 10 20
4_cells_hog
1.529001e+02 -7.106109e-01 7.266436e-02
1.718159e+02 -7.142857e-01 2.263374e-01
5.623743e+01 -1.833910e-01 -4.726688e-01

7
haar_feature 1
2
9 6 17 21 0 -1
9 13 17 7 0 3
haar_y3_0
1.121889e-01 -2.717639e-01 6.715055e-01
-7.606220e-02 4.761503e-01 -5.509198e-01
8.760789e-02 -1.212137e-01 3.490947e-01

7
hog_feature 3
24
21 21 16 16
4_cells_hog
1.090896e+03 3.561255e-02 -9.999625e-01
2.548857e+02 -6.520267e-01 4.406797e-01
1.231997e+02 -5.299698e-01 2.591286e-01

7
hog_feature 3
8
21 24 16 16
4_cells_hog
6.507397e+01 -7.644116e-01 1.056967e-01
1.210560e+02 2.944436e-01 -7.709288e-01
3.630388e+01 -8.116550e-01 1.216942e-01

7
hog_feature 3
13
3 9 22 22
4_cells_hog
3.512589e+02 -9.335996e-01 1.202479e-01
7.332142e+02 -7.115685e-01 2.218549e-01
2.159772e+03 -2.637976e-01 3.741262e-01

7
hog_feature 3
31
21 0 16 32
4_cells_hog
1.131560e+03 7.020319e-02 -7.010086e-01
4.355034e+02 2.173733e-01 -9.320538e-01
1.152097e+03 2.161429e-01 -7.560853e-01

5
haar_feature 1
2
12 12 21 9 0 -1
12 12 21 3 0 3
haar_y3_1
6.116607e-02 -1.315330e-01 3.953869e-01
0.000000e+00 0.000000e+00 0.000000e+00
1.313421e-02 -6.549446e-01 2.778423e-01

5
haar_feature 1
3
24 24 10 14 0 -1
24 24 5 7 0 2
29 31 5 7 0 2
haar_x2_y2
-6.749159e-03 4.757296e-01 -4.292568e-01
0.000000e+00 0.000000e+00 0.000000e+00
-9.669101e-03 2.848957e-01 -1.585409e-01

5
hog_feature 3
4
6 18 10 10
4_cells_hog
6.608398e+01 -6.796674e-01 1.712691e-01
0.000000e+00 0.000000e+00 0.000000e+00
9.290454e+01 -8.023507e-01 1.404816e-01

5
hog_feature 3
34
0 0 40 40
4_cells_hog
1.637408e+03 -5.656018e-01 3.692446e-01
0.000000e+00 0.000000e+00 0.000000e+00
1.479224e+03 5.715684e-02 -3.329130e-01

5
hog_feature 3
19
27 3 10 20
4_cells_hog
1.551656e+02 1.306337e-01 -7.269928e-01
0.000000e+00 0.000000e+00 0.000000e+00
7.111700e+01 -4.867527e-01 2.382625e-01

1
var_feature 2
1
33 33 4 5
one_rect_var
4.360872e+02 2.459902e-01 -6.398525e-01
0.000000e+00 0.000000e+00 0.000000e+00
0.000000e+00 0.000000e+00 0.000000e+00

1
var_feature 2
1
18 18 8 15
one_rect_var
2.619981e+03 -3.417051e-01 5.135511e-01
0.000000e+00 0.000000e+00 0.000000e+00
0.000000e+00 0.000000e+00 0.000000e+00

13
0 1 2 3 4 5 6 7 8 9 10 11 12 
-9.972650e-01
6
0 1 2 3 4 5 
-1.221863e+00
11
0 1 2 3 4 5 6 7 8 9 10 
-1.292416e+00

5
-1
