6
7
hog_feature 3
23
9 0 28 28
4_cells_hog
1.104377e+03 -7.096774e-01 2.807018e-01
1.303452e+03 -8.865979e-01 6.792453e-01
1.801864e+03 -5.203252e-01 5.185185e-01

7
hog_feature 3
4
9 9 28 28
4_cells_hog
1.047815e+03 -9.153723e-01 1.254545e-01
8.393843e+02 -9.058819e-01 1.634826e-01
2.817506e+03 -4.629934e-01 6.662290e-01

7
hog_feature 3
31
21 0 16 32
4_cells_hog
7.226504e+02 4.088891e-01 -7.210343e-01
5.097012e+02 3.068084e-01 -9.647039e-01
1.007890e+03 3.254713e-01 -7.676919e-01

7
var_feature 2
1
12 24 28 5
one_rect_var
5.542667e+02 -9.456456e-01 3.199922e-01
2.496827e+02 -9.615193e-01 2.024730e-01
5.402490e+02 -7.557982e-01 1.979984e-01

4
hog_feature 3
17
0 15 20 10
4_cells_hog
0.000000e+00 0.000000e+00 0.000000e+00
0.000000e+00 0.000000e+00 0.000000e+00
6.918585e+01 4.135222e-01 -8.841661e-01

4
hog_feature 3
24
9 24 16 16
4_cells_hog
0.000000e+00 0.000000e+00 0.000000e+00
0.000000e+00 0.000000e+00 0.000000e+00
3.474457e+01 7.780271e-01 -4.615304e-01

4
0 1 2 3 
-1.120980e+00
4
0 1 2 3 
-1.283198e+00
6
0 1 2 3 4 5 
-1.461654e+00

0
-1
