3
3
var_feature 2
1
6 30 32 10
one_rect_var
6.458405e+01 -1.000000e+00 9.958805e-01
1.820783e+01 -1.000000e+00 9.979487e-01
0.000000e+00 0.000000e+00 0.000000e+00

4
haar_feature 1
2
6 8 16 12 0 -1
6 12 16 4 0 3
haar_y3_0
0.000000e+00 0.000000e+00 0.000000e+00
0.000000e+00 0.000000e+00 0.000000e+00
3.043096e-02 9.958720e-01 -1.000000e+00

2
haar_feature 1
2
2 2 30 12 0 -1
12 2 10 12 0 2
haar_x3_3
0.000000e+00 0.000000e+00 0.000000e+00
2.327752e-03 1.000000e+00 -1.000010e+00
0.000000e+00 0.000000e+00 0.000000e+00

1
0 
9.958805e-01
2
0 2 
1.997949e+00
1
1 
9.958720e-01

27
-1
