68
2
hog_feature 3
26
22 16 14 14
4_cells_hog
0.000000e+00 0.000000e+00 0.000000e+00
7.725787e+01 5.132890e-01 -3.858921e-01
0.000000e+00 0.000000e+00 0.000000e+00

5
haar_feature 1
2
0 4 20 30 0 -1
10 4 10 30 0 2
haar_x2
1.091507e-01 -1.631579e-01 2.033294e-01
0.000000e+00 0.000000e+00 0.000000e+00
9.107994e-02 -1.141782e-01 4.587689e-01

2
hog_feature 3
8
0 18 18 18
4_cells_hog
0.000000e+00 0.000000e+00 0.000000e+00
2.765844e+02 -4.748968e-01 3.114336e-01
0.000000e+00 0.000000e+00 0.000000e+00

5
hog_feature 3
35
16 8 6 6
4_cells_hog
9.486824e+00 -3.157275e-01 1.251282e-01
0.000000e+00 0.000000e+00 0.000000e+00
9.219543e+00 -3.163210e-01 2.145985e-01

2
haar_feature 1
2
22 4 6 16 0 -1
22 12 6 8 0 2
haar_y2
0.000000e+00 0.000000e+00 0.000000e+00
-2.698566e-02 4.820665e-01 -2.790153e-01
0.000000e+00 0.000000e+00 0.000000e+00

5
hog_feature 3
7
14 18 14 14
4_cells_hog
1.540385e+02 -2.169918e-01 1.547569e-01
0.000000e+00 0.000000e+00 0.000000e+00
4.617633e+01 1.893523e-01 -2.980098e-01

3
haar_feature 1
2
24 24 8 5 0 -1
28 24 4 5 0 2
haar_x2
-7.103747e-03 1.486747e-01 -7.520711e-02
-3.824526e-03 3.629025e-01 -3.124429e-01
0.000000e+00 0.000000e+00 0.000000e+00

4
hog_feature 3
28
24 24 6 6
4_cells_hog
0.000000e+00 0.000000e+00 0.000000e+00
0.000000e+00 0.000000e+00 0.000000e+00
4.473022e+01 -2.509248e-01 3.386259e-01

2
hog_feature 3
1
2 0 20 10
4_cells_hog
0.000000e+00 0.000000e+00 0.000000e+00
3.345662e+01 3.460471e-01 -3.493382e-01
0.000000e+00 0.000000e+00 0.000000e+00

5
hog_feature 3
17
4 12 10 10
4_cells_hog
1.601561e+01 2.418689e-01 -1.188755e-01
0.000000e+00 0.000000e+00 0.000000e+00
1.060174e+02 -2.346451e-01 2.096615e-01

2
hog_feature 3
16
18 6 18 18
4_cells_hog
0.000000e+00 0.000000e+00 0.000000e+00
1.089180e+02 -6.265042e-01 1.765118e-01
0.000000e+00 0.000000e+00 0.000000e+00

5
haar_feature 1
2
2 8 33 7 0 -1
2 8 11 7 0 2
haar_x3_4
-1.843216e-01 -2.539256e-01 8.985243e-02
0.000000e+00 0.000000e+00 0.000000e+00
-2.096822e-01 -4.813612e-01 1.254722e-01

1
hog_feature 3
27
10 16 14 14
4_cells_hog
1.057401e+02 1.979676e-01 -2.519303e-01
0.000000e+00 0.000000e+00 0.000000e+00
0.000000e+00 0.000000e+00 0.000000e+00

6
hog_feature 3
20
8 16 14 14
4_cells_hog
0.000000e+00 0.000000e+00 0.000000e+00
6.733679e+01 1.386200e-01 -4.652278e-01
3.255914e+01 2.274266e-01 -2.381224e-01

1
hog_feature 3
9
10 4 20 10
4_cells_hog
2.322194e+02 -2.669784e-01 1.809809e-01
0.000000e+00 0.000000e+00 0.000000e+00
0.000000e+00 0.000000e+00 0.000000e+00

6
haar_feature 1
3
2 0 22 8 0 -1
2 0 11 4 0 2
13 4 11 4 0 2
haar_x2_y2
0.000000e+00 0.000000e+00 0.000000e+00
1.170093e-02 -2.034213e-01 3.143471e-01
1.201695e-02 -1.786979e-01 3.678629e-01

2
hog_feature 3
20
16 0 18 36
4_cells_hog
0.000000e+00 0.000000e+00 0.000000e+00
5.793525e+02 -3.050875e-01 2.841879e-01
0.000000e+00 0.000000e+00 0.000000e+00

5
hog_feature 3
9
18 0 16 8
4_cells_hog
7.472438e+01 2.248968e-01 -2.278741e-01
0.000000e+00 0.000000e+00 0.000000e+00
4.767408e+02 5.616024e-02 -6.925801e-01

2
var_feature 2
1
10 14 22 5
one_rect_var
0.000000e+00 0.000000e+00 0.000000e+00
6.490864e+02 3.371989e-01 -3.222707e-01
0.000000e+00 0.000000e+00 0.000000e+00

5
hog_feature 3
26
22 18 16 16
4_cells_hog
5.497827e+01 -2.858887e-01 5.044745e-02
0.000000e+00 0.000000e+00 0.000000e+00
3.161377e+02 1.014625e-01 -6.522321e-01

3
hog_feature 3
17
10 14 12 12
4_cells_hog
2.448984e+01 -6.030579e-01 5.156801e-02
4.458215e+01 -3.578828e-01 2.102920e-01
0.000000e+00 0.000000e+00 0.000000e+00

4
hog_feature 3
20
0 28 20 10
4_cells_hog
0.000000e+00 0.000000e+00 0.000000e+00
0.000000e+00 0.000000e+00 0.000000e+00
3.051722e+02 -1.243642e-01 5.736009e-01

2
hog_feature 3
24
0 10 14 28
4_cells_hog
0.000000e+00 0.000000e+00 0.000000e+00
8.857948e+01 3.267882e-01 -3.064210e-01
0.000000e+00 0.000000e+00 0.000000e+00

5
hog_feature 3
7
10 4 24 24
4_cells_hog
2.271088e+03 -6.933865e-02 6.285279e-01
0.000000e+00 0.000000e+00 0.000000e+00
2.328782e+03 -3.128702e-02 8.167089e-01

1
hog_feature 3
12
4 28 10 10
4_cells_hog
3.647762e+01 1.461093e-01 -3.351990e-01
0.000000e+00 0.000000e+00 0.000000e+00
0.000000e+00 0.000000e+00 0.000000e+00

6
haar_feature 1
2
10 16 8 9 0 -1
14 16 4 9 0 2
haar_x2
0.000000e+00 0.000000e+00 0.000000e+00
4.725461e-05 1.867592e-01 -6.262054e-01
2.815490e-03 1.483617e-01 -2.144577e-01

3
hog_feature 3
28
0 18 16 8
4_cells_hog
1.806573e+02 -1.575973e-01 3.059912e-01
6.708237e+00 3.018365e-01 -1.646602e-01
0.000000e+00 0.000000e+00 0.000000e+00

4
hog_feature 3
32
12 0 14 14
4_cells_hog
0.000000e+00 0.000000e+00 0.000000e+00
0.000000e+00 0.000000e+00 0.000000e+00
1.272684e+01 3.056219e-01 -2.034892e-01

1
hog_feature 3
11
6 6 16 16
4_cells_hog
9.660228e+01 1.467111e-01 -2.764583e-01
0.000000e+00 0.000000e+00 0.000000e+00
0.000000e+00 0.000000e+00 0.000000e+00

6
hog_feature 3
29
12 22 16 16
4_cells_hog
0.000000e+00 0.000000e+00 0.000000e+00
3.480811e+01 -5.818130e-01 1.420638e-01
5.611688e+01 -4.617000e-01 9.400643e-02

3
hog_feature 3
20
18 12 16 8
4_cells_hog
3.172702e+01 -2.900270e-01 1.238015e-01
1.927189e+02 -1.542202e-01 4.340288e-01
0.000000e+00 0.000000e+00 0.000000e+00

4
hog_feature 3
16
10 28 6 6
4_cells_hog
0.000000e+00 0.000000e+00 0.000000e+00
0.000000e+00 0.000000e+00 0.000000e+00
1.733447e+01 -2.009581e-01 3.210909e-01

1
haar_feature 1
2
22 34 4 6 0 -1
22 37 4 3 0 2
haar_y2
-3.793956e-03 3.783874e-01 -1.007399e-01
0.000000e+00 0.000000e+00 0.000000e+00
0.000000e+00 0.000000e+00 0.000000e+00

6
hog_feature 3
26
14 16 10 10
4_cells_hog
0.000000e+00 0.000000e+00 0.000000e+00
1.304823e+02 9.808750e-02 -6.891620e-01
2.575473e+01 2.120217e-01 -2.570948e-01

3
hog_feature 3
33
22 26 8 8
4_cells_hog
3.483545e+01 1.143212e-01 -2.834693e-01
4.242493e+00 1.638625e-01 -2.937350e-01
0.000000e+00 0.000000e+00 0.000000e+00

4
var_feature 2
1
14 8 4 4
one_rect_var
0.000000e+00 0.000000e+00 0.000000e+00
0.000000e+00 0.000000e+00 0.000000e+00
1.233398e+01 -7.642213e-01 8.998971e-02

1
hog_feature 3
30
8 10 8 8
4_cells_hog
4.214523e+01 -1.278225e-01 2.997296e-01
0.000000e+00 0.000000e+00 0.000000e+00
0.000000e+00 0.000000e+00 0.000000e+00

6
hog_feature 3
11
24 4 14 14
4_cells_hog
0.000000e+00 0.000000e+00 0.000000e+00
1.117972e+02 1.511928e-01 -4.559204e-01
2.698236e+02 8.278230e-02 -5.607876e-01

1
hog_feature 3
31
20 10 8 8
4_cells_hog
1.401770e+01 1.376555e-01 -2.893227e-01
0.000000e+00 0.000000e+00 0.000000e+00
0.000000e+00 0.000000e+00 0.000000e+00

6
haar_feature 1
2
18 6 4 33 0 -1
18 6 4 11 0 3
haar_y3_1
0.000000e+00 0.000000e+00 0.000000e+00
-5.896124e-02 -6.856086e-01 6.043696e-02
3.004263e-02 9.198494e-02 -5.882366e-01

3
hog_feature 3
1
4 6 24 24
4_cells_hog
7.223570e+02 5.762725e-02 -5.660490e-01
6.068518e+02 -1.934316e-01 3.130856e-01
0.000000e+00 0.000000e+00 0.000000e+00

4
hog_feature 3
28
14 30 6 6
4_cells_hog
0.000000e+00 0.000000e+00 0.000000e+00
0.000000e+00 0.000000e+00 0.000000e+00
1.852609e+01 1.354940e-01 -4.952314e-01

5
hog_feature 3
10
4 6 28 14
4_cells_hog
1.794639e+03 -5.536678e-02 6.387796e-01
0.000000e+00 0.000000e+00 0.000000e+00
1.266209e+03 -7.491928e-02 5.901830e-01

5
hog_feature 3
23
14 14 14 14
4_cells_hog
5.082520e+02 -3.574670e-02 6.541084e-01
0.000000e+00 0.000000e+00 0.000000e+00
7.020683e+01 1.070303e-01 -4.757415e-01

5
hog_feature 3
25
14 12 6 6
4_cells_hog
4.229633e+01 -6.611411e-02 1.692220e-01
0.000000e+00 0.000000e+00 0.000000e+00
9.212368e+00 -2.609450e-01 2.854528e-01

5
hog_feature 3
7
8 0 12 6
4_cells_hog
7.102504e+01 1.062017e-01 -4.314795e-01
0.000000e+00 0.000000e+00 0.000000e+00
1.784671e+01 1.196817e-01 -1.389134e-01

5
hog_feature 3
0
18 20 14 14
4_cells_hog
3.078032e+02 6.525319e-02 -4.961666e-01
0.000000e+00 0.000000e+00 0.000000e+00
3.999985e+00 -8.429508e-01 3.140962e-02

5
hog_feature 3
10
18 10 12 24
4_cells_hog
3.043952e+02 -1.510188e-01 1.666667e-01
0.000000e+00 0.000000e+00 0.000000e+00
1.747131e+02 -2.995022e-01 1.503689e-01

5
var_feature 2
1
14 18 11 4
one_rect_var
1.174727e+02 5.022846e-01 -4.506394e-02
0.000000e+00 0.000000e+00 0.000000e+00
6.181597e+02 1.141768e-01 -4.384817e-01

5
hog_feature 3
16
8 2 18 36
4_cells_hog
1.479496e+02 -5.900820e-01 7.086643e-02
0.000000e+00 0.000000e+00 0.000000e+00
8.583258e+02 -9.710135e-02 3.628444e-01

5
hog_feature 3
14
10 4 12 6
4_cells_hog
2.690572e+01 1.273936e-01 -3.430481e-01
0.000000e+00 0.000000e+00 0.000000e+00
1.008164e+02 3.161667e-02 -3.315322e-01

5
haar_feature 1
2
26 16 14 24 0 -1
26 24 14 8 0 3
haar_y3_0
2.361094e-02 -1.283186e-01 2.814992e-01
0.000000e+00 0.000000e+00 0.000000e+00
3.097278e-02 -1.025845e-01 2.647696e-01

5
hog_feature 3
22
10 10 22 22
4_cells_hog
8.416357e+02 3.628221e-02 -7.675049e-01
0.000000e+00 0.000000e+00 0.000000e+00
2.765916e+02 6.596780e-02 -6.093441e-01

5
haar_feature 1
2
12 10 8 7 0 -1
16 10 4 7 0 2
haar_x2
1.130441e-02 -8.984554e-02 2.027226e-01
0.000000e+00 0.000000e+00 0.000000e+00
-1.028920e-02 -5.427918e-01 1.056247e-01

5
haar_feature 1
2
0 12 24 20 0 -1
8 12 8 20 0 2
haar_x3_3
-1.045700e-01 3.958950e-02 -6.223602e-01
0.000000e+00 0.000000e+00 0.000000e+00
-4.037341e-01 -4.534220e-01 8.980462e-02

1
haar_feature 1
2
4 12 36 12 0 -1
4 20 36 4 0 2
haar_y3_5
-2.350557e-01 -2.118173e-01 1.801979e-01
0.000000e+00 0.000000e+00 0.000000e+00
0.000000e+00 0.000000e+00 0.000000e+00

1
haar_feature 1
2
8 10 30 5 0 -1
18 10 10 5 0 3
haar_x3_0
8.000612e-02 5.927031e-02 -6.981279e-01
0.000000e+00 0.000000e+00 0.000000e+00
0.000000e+00 0.000000e+00 0.000000e+00

1
haar_feature 1
2
20 12 9 27 0 -1
20 12 9 9 0 3
haar_y3_1
-8.691750e-03 -3.093110e-01 1.454259e-01
0.000000e+00 0.000000e+00 0.000000e+00
0.000000e+00 0.000000e+00 0.000000e+00

1
hog_feature 3
25
14 10 14 28
4_cells_hog
7.845428e+01 -4.987562e-01 7.281374e-02
0.000000e+00 0.000000e+00 0.000000e+00
0.000000e+00 0.000000e+00 0.000000e+00

1
hog_feature 3
25
0 2 12 24
4_cells_hog
2.597618e+01 2.936040e-01 -1.453799e-01
0.000000e+00 0.000000e+00 0.000000e+00
0.000000e+00 0.000000e+00 0.000000e+00

1
hog_feature 3
25
24 28 10 10
4_cells_hog
1.528156e+01 2.267550e-01 -1.533677e-01
0.000000e+00 0.000000e+00 0.000000e+00
0.000000e+00 0.000000e+00 0.000000e+00

1
haar_feature 1
3
26 10 8 16 0 -1
26 10 4 8 0 2
30 18 4 8 0 2
haar_x2_y2
-1.725856e-02 4.648809e-01 -8.062857e-02
0.000000e+00 0.000000e+00 0.000000e+00
0.000000e+00 0.000000e+00 0.000000e+00

1
hog_feature 3
28
22 16 10 10
4_cells_hog
1.123427e+02 1.014466e-01 -4.325884e-01
0.000000e+00 0.000000e+00 0.000000e+00
0.000000e+00 0.000000e+00 0.000000e+00

1
hog_feature 3
18
4 10 24 24
4_cells_hog
3.015008e+02 -3.356722e-01 1.150275e-01
0.000000e+00 0.000000e+00 0.000000e+00
0.000000e+00 0.000000e+00 0.000000e+00

1
haar_feature 1
3
10 32 22 8 0 -1
10 32 11 4 0 2
21 36 11 4 0 2
haar_x2_y2
1.463640e-02 -9.242643e-02 4.574379e-01
0.000000e+00 0.000000e+00 0.000000e+00
0.000000e+00 0.000000e+00 0.000000e+00

1
hog_feature 3
31
4 2 24 12
4_cells_hog
1.307690e+01 3.335278e-01 -1.219458e-01
0.000000e+00 0.000000e+00 0.000000e+00
0.000000e+00 0.000000e+00 0.000000e+00

1
hog_feature 3
13
12 0 24 12
4_cells_hog
6.353833e+01 -2.544873e-01 1.575184e-01
0.000000e+00 0.000000e+00 0.000000e+00
0.000000e+00 0.000000e+00 0.000000e+00

1
hog_feature 3
16
8 2 10 20
4_cells_hog
3.082983e+02 -1.331616e-01 2.826280e-01
0.000000e+00 0.000000e+00 0.000000e+00
0.000000e+00 0.000000e+00 0.000000e+00

47
1 3 5 6 9 11 12 14 17 19 20 23 24 26 28 30 32 34 36 38 40 42 43 44 45 46 47 48 49 50 51 52 53 54 55 56 57 58 59 60 61 62 63 64 65 66 67 
-1.198782e+00
21
0 2 4 6 8 10 13 15 16 18 20 22 25 26 29 30 33 34 37 39 40 
-1.049981e+00
34
1 3 5 7 9 11 13 15 17 19 21 23 25 27 29 31 33 35 37 39 41 42 43 44 45 46 47 48 49 50 51 52 53 54 
-1.075177e+00

13
-1
