99
2
haar_feature 1
2
8 20 14 12 0 -1
8 24 14 4 0 3
haar_y3_0
0.000000e+00 0.000000e+00 0.000000e+00
4.570022e-02 -4.744409e-01 4.168467e-01
0.000000e+00 0.000000e+00 0.000000e+00

5
haar_feature 1
2
0 12 36 21 0 -1
12 12 12 21 0 3
haar_x3_0
2.039062e-01 -4.396029e-01 -1.698774e-01
0.000000e+00 0.000000e+00 0.000000e+00
3.057647e-01 -4.970760e-01 2.732240e-02

3
hog_feature 3
20
18 2 14 28
4_cells_hog
4.385233e+01 -4.292028e-01 1.897892e-02
3.726139e+02 -3.953970e-01 2.174195e-01
0.000000e+00 0.000000e+00 0.000000e+00

4
hog_feature 3
2
22 32 12 6
4_cells_hog
0.000000e+00 0.000000e+00 0.000000e+00
0.000000e+00 0.000000e+00 0.000000e+00
8.521631e+01 -2.749751e-01 2.117953e-01

2
hog_feature 3
10
30 22 6 12
4_cells_hog
0.000000e+00 0.000000e+00 0.000000e+00
1.002070e+02 -1.960242e-01 3.574416e-01
0.000000e+00 0.000000e+00 0.000000e+00

5
hog_feature 3
26
16 8 10 10
4_cells_hog
1.978979e+02 -1.309190e-01 1.716440e-01
0.000000e+00 0.000000e+00 0.000000e+00
4.871802e+01 -2.431650e-01 1.662038e-01

2
hog_feature 3
26
2 20 12 6
4_cells_hog
0.000000e+00 0.000000e+00 0.000000e+00
1.786505e+02 -1.906971e-01 3.433284e-01
0.000000e+00 0.000000e+00 0.000000e+00

5
hog_feature 3
27
4 8 20 20
4_cells_hog
5.144938e+02 8.253682e-02 -3.087932e-01
0.000000e+00 0.000000e+00 0.000000e+00
6.834105e+02 6.805616e-02 -5.206349e-01

3
haar_feature 1
2
20 0 11 9 0 -1
20 0 11 3 0 3
haar_y3_1
-8.148393e-03 1.948525e-01 -1.459146e-01
-3.195167e-02 2.975678e-01 -1.354760e-01
0.000000e+00 0.000000e+00 0.000000e+00

4
haar_feature 1
2
16 6 6 15 0 -1
16 11 6 5 0 3
haar_y3_0
0.000000e+00 0.000000e+00 0.000000e+00
0.000000e+00 0.000000e+00 0.000000e+00
2.232553e-03 1.366653e-01 -3.761361e-01

1
hog_feature 3
28
16 8 16 8
4_cells_hog
3.750594e+02 -1.081272e-01 3.516257e-01
0.000000e+00 0.000000e+00 0.000000e+00
0.000000e+00 0.000000e+00 0.000000e+00

6
hog_feature 3
3
12 10 24 12
4_cells_hog
0.000000e+00 0.000000e+00 0.000000e+00
1.622290e+02 1.844484e-01 -2.347538e-01
8.150360e+01 1.248778e-01 -2.324299e-01

2
haar_feature 1
2
16 12 3 24 0 -1
16 28 3 8 0 3
haar_y3_2
0.000000e+00 0.000000e+00 0.000000e+00
-4.980733e-03 -6.802169e-01 8.167809e-02
0.000000e+00 0.000000e+00 0.000000e+00

5
hog_feature 3
28
2 4 20 10
4_cells_hog
5.118240e+01 2.066910e-01 -1.659005e-01
0.000000e+00 0.000000e+00 0.000000e+00
1.012556e+03 -3.581800e-02 5.097825e-01

2
hog_feature 3
16
20 4 16 32
4_cells_hog
0.000000e+00 0.000000e+00 0.000000e+00
1.619001e+02 -5.834244e-01 9.129693e-02
0.000000e+00 0.000000e+00 0.000000e+00

5
hog_feature 3
13
6 0 28 14
4_cells_hog
5.429224e+01 -2.895075e-01 8.483694e-02
0.000000e+00 0.000000e+00 0.000000e+00
9.476234e+01 -2.319597e-01 1.107410e-01

3
hog_feature 3
7
4 0 10 20
4_cells_hog
2.076748e+02 5.656357e-02 -2.678878e-01
2.282363e+01 2.426761e-01 -2.569491e-01
0.000000e+00 0.000000e+00 0.000000e+00

4
hog_feature 3
28
6 20 10 10
4_cells_hog
0.000000e+00 0.000000e+00 0.000000e+00
0.000000e+00 0.000000e+00 0.000000e+00
2.916492e+01 1.372020e-01 -3.024385e-01

3
haar_feature 1
2
16 30 4 6 0 -1
16 33 4 3 0 2
haar_y2
1.542992e-04 -1.505635e-01 1.469765e-01
-7.493180e-04 1.723703e-01 -2.413973e-01
0.000000e+00 0.000000e+00 0.000000e+00

4
var_feature 2
1
26 18 5 5
one_rect_var
0.000000e+00 0.000000e+00 0.000000e+00
0.000000e+00 0.000000e+00 0.000000e+00
9.735596e+01 -4.371146e-01 9.171841e-02

2
hog_feature 3
11
10 2 18 18
4_cells_hog
0.000000e+00 0.000000e+00 0.000000e+00
4.399352e+01 -5.910754e-01 9.551580e-02
0.000000e+00 0.000000e+00 0.000000e+00

5
hog_feature 3
35
18 24 12 6
4_cells_hog
1.612893e+02 -4.378021e-02 1.807384e-01
0.000000e+00 0.000000e+00 0.000000e+00
4.353369e+01 1.176478e-01 -3.269801e-01

2
haar_feature 1
2
10 6 22 18 0 -1
10 6 22 6 0 3
haar_y3_1
0.000000e+00 0.000000e+00 0.000000e+00
1.561323e-01 -1.579405e-01 3.995249e-01
0.000000e+00 0.000000e+00 0.000000e+00

5
hog_feature 3
13
0 4 28 14
4_cells_hog
1.309073e+02 1.083795e-01 -2.034018e-01
0.000000e+00 0.000000e+00 0.000000e+00
2.770543e+02 6.095333e-02 -3.700100e-01

2
hog_feature 3
31
18 16 10 20
4_cells_hog
0.000000e+00 0.000000e+00 0.000000e+00
2.700006e+01 2.557483e-01 -2.160094e-01
0.000000e+00 0.000000e+00 0.000000e+00

5
hog_feature 3
19
6 32 12 6
4_cells_hog
3.015054e+02 -3.162968e-02 5.122755e-01
0.000000e+00 0.000000e+00 0.000000e+00
1.700162e+02 -6.817986e-02 4.494827e-01

1
hog_feature 3
13
6 2 32 32
4_cells_hog
2.884714e+03 -3.946983e-02 7.820638e-01
0.000000e+00 0.000000e+00 0.000000e+00
0.000000e+00 0.000000e+00 0.000000e+00

6
haar_feature 1
2
14 10 8 10 0 -1
18 10 4 10 0 2
haar_x2
0.000000e+00 0.000000e+00 0.000000e+00
1.181130e-02 5.329693e-02 -5.899863e-01
8.325204e-03 8.730502e-02 -3.855792e-01

2
haar_feature 1
2
6 10 25 24 0 -1
6 26 25 8 0 3
haar_y3_2
0.000000e+00 0.000000e+00 0.000000e+00
2.323143e-01 5.956350e-02 -8.155164e-01
0.000000e+00 0.000000e+00 0.000000e+00

5
hog_feature 3
7
14 2 24 12
4_cells_hog
1.648692e+02 -1.972748e-01 1.323647e-01
0.000000e+00 0.000000e+00 0.000000e+00
1.100562e+02 -2.358976e-01 8.973664e-02

3
var_feature 2
1
36 2 4 9
one_rect_var
4.275088e+02 8.959381e-02 -2.200707e-01
3.181903e+01 2.529656e-01 -1.587673e-01
0.000000e+00 0.000000e+00 0.000000e+00

4
haar_feature 1
2
18 6 4 21 0 -1
18 20 4 7 0 2
haar_y3_5
0.000000e+00 0.000000e+00 0.000000e+00
0.000000e+00 0.000000e+00 0.000000e+00
-1.416059e-02 4.241747e-02 -8.633857e-01

3
hog_feature 3
19
2 2 18 18
4_cells_hog
5.841620e+00 3.522018e-01 -4.214611e-02
1.881736e+02 -3.016827e-01 1.620920e-01
0.000000e+00 0.000000e+00 0.000000e+00

4
haar_feature 1
2
2 0 22 27 0 -1
2 18 22 9 0 2
haar_y3_5
0.000000e+00 0.000000e+00 0.000000e+00
0.000000e+00 0.000000e+00 0.000000e+00
-1.982779e-01 -1.452388e-01 3.644359e-01

3
hog_feature 3
19
6 6 22 22
4_cells_hog
1.863630e+02 -2.792336e-01 8.019337e-02
1.706720e+02 2.125912e-01 -2.138029e-01
0.000000e+00 0.000000e+00 0.000000e+00

4
hog_feature 3
19
18 32 4 4
4_cells_hog
0.000000e+00 0.000000e+00 0.000000e+00
0.000000e+00 0.000000e+00 0.000000e+00
1.222119e+01 8.221143e-02 -4.740860e-01

2
var_feature 2
1
12 36 17 4
one_rect_var
0.000000e+00 0.000000e+00 0.000000e+00
1.135012e+02 -5.048143e-01 1.050121e-01
0.000000e+00 0.000000e+00 0.000000e+00

5
hog_feature 3
28
10 8 20 10
4_cells_hog
1.050364e+02 -2.390350e-01 1.058099e-01
0.000000e+00 0.000000e+00 0.000000e+00
1.527650e+01 -6.521690e-01 2.477711e-02

2
hog_feature 3
19
14 22 14 14
4_cells_hog
0.000000e+00 0.000000e+00 0.000000e+00
1.846573e+02 8.137208e-02 -6.029912e-01
0.000000e+00 0.000000e+00 0.000000e+00

5
hog_feature 3
10
26 0 6 6
4_cells_hog
5.605383e+01 6.365322e-02 -4.954342e-01
0.000000e+00 0.000000e+00 0.000000e+00
1.217266e+02 1.760334e-02 -5.562927e-01

1
haar_feature 1
2
10 6 27 8 0 -1
19 6 9 8 0 3
haar_x3_0
1.087314e-01 4.167556e-02 -6.585820e-01
0.000000e+00 0.000000e+00 0.000000e+00
0.000000e+00 0.000000e+00 0.000000e+00

6
hog_feature 3
26
14 16 10 10
4_cells_hog
0.000000e+00 0.000000e+00 0.000000e+00
1.742817e+02 2.703322e-02 -7.804511e-01
4.144763e+01 1.199296e-01 -2.441210e-01

3
var_feature 2
1
16 18 12 8
one_rect_var
6.419717e+01 7.554110e-01 -3.343700e-02
1.010051e+03 -1.609105e-01 2.337629e-01
0.000000e+00 0.000000e+00 0.000000e+00

4
hog_feature 3
3
14 12 12 6
4_cells_hog
0.000000e+00 0.000000e+00 0.000000e+00
0.000000e+00 0.000000e+00 0.000000e+00
3.162285e+00 2.040669e-01 -1.896594e-01

1
hog_feature 3
33
4 12 18 18
4_cells_hog
4.356461e+02 -1.168190e-01 2.433792e-01
0.000000e+00 0.000000e+00 0.000000e+00
0.000000e+00 0.000000e+00 0.000000e+00

6
hog_feature 3
35
10 12 22 22
4_cells_hog
0.000000e+00 0.000000e+00 0.000000e+00
1.697863e+02 1.420891e-01 -2.736778e-01
3.558887e+01 -7.229894e-01 3.958541e-02

1
haar_feature 1
2
20 16 9 21 0 -1
20 16 9 7 0 3
haar_y3_1
-2.498582e-02 -3.710419e-01 8.085755e-02
0.000000e+00 0.000000e+00 0.000000e+00
0.000000e+00 0.000000e+00 0.000000e+00

6
var_feature 2
1
10 12 4 19
one_rect_var
0.000000e+00 0.000000e+00 0.000000e+00
2.312752e+03 5.762020e-02 -8.490224e-01
4.618568e+03 9.245801e-03 -9.692581e-01

1
haar_feature 1
2
24 18 5 15 0 -1
24 18 5 5 0 2
haar_y3_4
-2.325231e-02 8.740722e-02 -3.108249e-01
0.000000e+00 0.000000e+00 0.000000e+00
0.000000e+00 0.000000e+00 0.000000e+00

6
hog_feature 3
7
8 12 20 20
4_cells_hog
0.000000e+00 0.000000e+00 0.000000e+00
2.977249e+02 -1.993698e-01 1.584378e-01
1.124687e+03 -6.560428e-02 4.835948e-01

1
haar_feature 1
2
16 18 8 14 0 -1
20 18 4 14 0 2
haar_x2
1.734734e-02 5.924913e-02 -4.711714e-01
0.000000e+00 0.000000e+00 0.000000e+00
0.000000e+00 0.000000e+00 0.000000e+00

6
hog_feature 3
28
14 16 18 18
4_cells_hog
0.000000e+00 0.000000e+00 0.000000e+00
1.640259e+01 -8.873973e-01 4.703175e-02
1.099268e+02 -3.463970e-01 5.857127e-02

3
hog_feature 3
35
12 32 12 6
4_cells_hog
6.000183e+00 2.198640e-01 -1.084078e-01
2.999817e+00 1.550515e-01 -1.472462e-01
0.000000e+00 0.000000e+00 0.000000e+00

4
haar_feature 1
2
20 2 4 12 0 -1
20 6 4 4 0 3
haar_y3_0
0.000000e+00 0.000000e+00 0.000000e+00
0.000000e+00 0.000000e+00 0.000000e+00
-1.541161e-03 2.632105e-01 -1.537437e-01

7
hog_feature 3
30
20 2 18 36
4_cells_hog
3.114781e+02 7.710878e-02 -1.719376e-01
5.878457e+02 7.038151e-02 -5.055194e-01
6.697040e+02 5.773553e-02 -3.468752e-01

1
haar_feature 1
2
18 14 9 3 0 -1
21 14 3 3 0 3
haar_x3_0
-7.670552e-03 3.289070e-01 -9.243746e-02
0.000000e+00 0.000000e+00 0.000000e+00
0.000000e+00 0.000000e+00 0.000000e+00

6
var_feature 2
1
0 26 22 5
one_rect_var
0.000000e+00 0.000000e+00 0.000000e+00
1.566078e+02 -4.614489e-01 4.156556e-02
5.100920e+01 -9.214293e-01 3.421599e-02

3
hog_feature 3
23
14 28 12 6
4_cells_hog
4.123077e+00 1.570212e-01 -8.234588e-02
7.879990e+01 6.556727e-02 -5.934541e-01
0.000000e+00 0.000000e+00 0.000000e+00

4
hog_feature 3
6
4 26 12 12
4_cells_hog
0.000000e+00 0.000000e+00 0.000000e+00
0.000000e+00 0.000000e+00 0.000000e+00
5.743927e+00 2.833765e-01 -1.390709e-01

3
hog_feature 3
26
0 16 8 16
4_cells_hog
5.079792e+02 2.125519e-02 -6.449991e-01
1.044502e+01 3.075283e-01 -1.278973e-01
0.000000e+00 0.000000e+00 0.000000e+00

4
var_feature 2
1
16 18 7 4
one_rect_var
0.000000e+00 0.000000e+00 0.000000e+00
0.000000e+00 0.000000e+00 0.000000e+00
1.282831e+01 3.283951e-01 -1.071848e-01

3
hog_feature 3
33
4 4 34 34
4_cells_hog
2.664857e+02 -3.584453e-01 5.934907e-02
3.850830e+01 -5.861652e-01 4.647804e-02
0.000000e+00 0.000000e+00 0.000000e+00

4
hog_feature 3
10
10 16 8 16
4_cells_hog
0.000000e+00 0.000000e+00 0.000000e+00
0.000000e+00 0.000000e+00 0.000000e+00
2.354984e+01 -3.027459e-01 1.565090e-01

1
hog_feature 3
10
10 2 20 10
4_cells_hog
1.053254e+02 -1.894673e-01 1.522866e-01
0.000000e+00 0.000000e+00 0.000000e+00
0.000000e+00 0.000000e+00 0.000000e+00

6
hog_feature 3
26
10 4 8 16
4_cells_hog
0.000000e+00 0.000000e+00 0.000000e+00
2.896207e+01 -3.550044e-01 9.327573e-02
1.351785e+02 -1.686336e-01 1.410576e-01

1
haar_feature 1
2
12 4 18 10 0 -1
24 4 6 10 0 3
haar_x3_2
6.969597e-02 6.008234e-02 -4.670238e-01
0.000000e+00 0.000000e+00 0.000000e+00
0.000000e+00 0.000000e+00 0.000000e+00

6
haar_feature 1
2
10 6 15 10 0 -1
15 6 5 10 0 3
haar_x3_0
0.000000e+00 0.000000e+00 0.000000e+00
-2.206740e-02 -4.331647e-01 6.639720e-02
4.214159e-02 6.947915e-02 -4.461117e-01

2
hog_feature 3
29
10 0 28 14
4_cells_hog
0.000000e+00 0.000000e+00 0.000000e+00
3.109720e+02 1.009240e-01 -4.578292e-01
0.000000e+00 0.000000e+00 0.000000e+00

5
haar_feature 1
2
0 8 22 5 0 -1
11 8 11 5 0 2
haar_x2
4.647841e-02 4.191360e-02 -5.653909e-01
0.000000e+00 0.000000e+00 0.000000e+00
1.258512e-02 -1.490268e-01 1.547134e-01

5
hog_feature 3
13
10 2 14 28
4_cells_hog
1.730118e+02 8.659755e-02 -2.374276e-01
0.000000e+00 0.000000e+00 0.000000e+00
4.698419e+02 3.454594e-02 -6.446244e-01

5
haar_feature 1
2
10 4 15 20 0 -1
20 4 5 20 0 3
haar_x3_2
-9.810134e-02 -5.133408e-01 5.048979e-02
0.000000e+00 0.000000e+00 0.000000e+00
-6.866761e-02 -4.089767e-01 3.704401e-02

5
hog_feature 3
16
22 8 6 12
4_cells_hog
4.024283e+02 -2.843469e-02 5.938835e-01
0.000000e+00 0.000000e+00 0.000000e+00
5.908835e+01 9.041522e-02 -2.966460e-01

5
hog_feature 3
34
14 6 16 32
4_cells_hog
2.052438e+03 1.707873e-02 -9.753209e-01
0.000000e+00 0.000000e+00 0.000000e+00
6.846326e+01 -2.969799e-01 9.639444e-02

5
hog_feature 3
26
20 28 8 8
4_cells_hog
7.473950e+01 2.095759e-02 -1.223952e-01
0.000000e+00 0.000000e+00 0.000000e+00
6.999634e+00 1.914378e-01 -2.705916e-01

5
hog_feature 3
5
22 30 12 6
4_cells_hog
6.324554e+00 1.790198e-01 -1.104424e-01
0.000000e+00 0.000000e+00 0.000000e+00
3.162170e+00 1.386651e-01 -1.585983e-01

5
haar_feature 1
2
4 0 18 15 0 -1
10 0 6 15 0 3
haar_x3_0
-7.419370e-02 -3.127674e-01 3.163570e-02
0.000000e+00 0.000000e+00 0.000000e+00
5.683224e-02 6.762242e-02 -5.082781e-01

5
haar_feature 1
2
10 0 12 11 0 -1
16 0 6 11 0 2
haar_x2
-4.274870e-02 -4.299537e-01 3.118828e-02
0.000000e+00 0.000000e+00 0.000000e+00
5.440607e-02 3.686441e-02 -6.422725e-01

5
var_feature 2
1
12 2 11 7
one_rect_var
1.190441e+02 -5.427334e-01 3.327709e-02
0.000000e+00 0.000000e+00 0.000000e+00
5.382373e+02 -2.043700e-01 1.018127e-01

5
hog_feature 3
9
18 0 16 8
4_cells_hog
7.475040e+01 1.347057e-01 -1.587813e-01
0.000000e+00 0.000000e+00 0.000000e+00
7.519445e+01 1.323519e-01 -1.676656e-01

5
hog_feature 3
6
24 0 12 24
4_cells_hog
2.290900e+02 6.582795e-02 -3.459353e-01
0.000000e+00 0.000000e+00 0.000000e+00
3.062117e+02 5.159062e-02 -3.699977e-01

5
var_feature 2
1
10 14 8 19
one_rect_var
1.401246e+03 -6.928635e-02 9.898542e-02
0.000000e+00 0.000000e+00 0.000000e+00
3.651721e+01 6.548684e-01 -6.106611e-02

5
haar_feature 1
2
0 6 31 34 0 -1
0 23 31 17 0 2
haar_y2
2.802314e-01 3.216220e-02 -8.050405e-01
0.000000e+00 0.000000e+00 0.000000e+00
6.749883e-02 7.725778e-02 -1.871966e-01

5
haar_feature 1
3
8 6 24 6 0 -1
8 6 12 3 0 2
20 9 12 3 0 2
haar_x2_y2
-1.288777e-02 -5.953249e-01 3.479974e-02
0.000000e+00 0.000000e+00 0.000000e+00
-2.139159e-03 1.401836e-01 -1.165088e-01

5
haar_feature 1
2
16 12 4 9 0 -1
16 15 4 3 0 3
haar_y3_0
3.911649e-03 -6.129030e-02 1.533539e-01
0.000000e+00 0.000000e+00 0.000000e+00
-4.394782e-04 1.767551e-01 -2.031948e-01

5
haar_feature 1
2
20 0 14 24 0 -1
20 8 14 8 0 3
haar_y3_0
8.232178e-02 3.234983e-02 -5.701426e-01
0.000000e+00 0.000000e+00 0.000000e+00
-6.384112e-02 -5.004359e-01 4.992561e-02

5
haar_feature 1
2
12 2 19 9 0 -1
12 2 19 3 0 2
haar_y3_4
-4.281877e-02 3.235806e-02 -6.290838e-01
0.000000e+00 0.000000e+00 0.000000e+00
-1.252596e-01 -2.511055e-01 9.129452e-02

5
hog_feature 3
20
0 26 24 12
4_cells_hog
2.756827e+02 -5.957723e-02 2.041841e-01
0.000000e+00 0.000000e+00 0.000000e+00
2.649120e+02 -1.204757e-01 2.676465e-01

5
hog_feature 3
29
6 24 10 10
4_cells_hog
5.866963e+01 5.957980e-02 -2.854795e-01
0.000000e+00 0.000000e+00 0.000000e+00
1.603224e+02 4.689422e-02 -6.999248e-01

5
var_feature 2
1
22 12 4 4
one_rect_var
1.511523e+01 -5.881245e-01 2.285481e-02
0.000000e+00 0.000000e+00 0.000000e+00
6.783594e+01 -3.000672e-01 9.388512e-02

5
var_feature 2
1
12 16 20 11
one_rect_var
8.188550e+01 9.665328e-01 -8.795739e-03
0.000000e+00 0.000000e+00 0.000000e+00
6.899397e+02 2.115059e-01 -2.439344e-01

1
hog_feature 3
24
16 14 18 18
4_cells_hog
3.623254e+01 -7.987239e-01 3.613006e-02
0.000000e+00 0.000000e+00 0.000000e+00
0.000000e+00 0.000000e+00 0.000000e+00

1
hog_feature 3
25
26 24 6 12
4_cells_hog
7.579565e+01 7.521865e-02 -3.434242e-01
0.000000e+00 0.000000e+00 0.000000e+00
0.000000e+00 0.000000e+00 0.000000e+00

1
hog_feature 3
35
16 4 16 32
4_cells_hog
1.840348e+02 -3.892030e-01 6.799693e-02
0.000000e+00 0.000000e+00 0.000000e+00
0.000000e+00 0.000000e+00 0.000000e+00

1
hog_feature 3
8
12 0 12 6
4_cells_hog
3.624246e+01 1.649718e-01 -1.588034e-01
0.000000e+00 0.000000e+00 0.000000e+00
0.000000e+00 0.000000e+00 0.000000e+00

1
hog_feature 3
2
16 4 6 12
4_cells_hog
9.954253e+01 4.604899e-02 -5.827208e-01
0.000000e+00 0.000000e+00 0.000000e+00
0.000000e+00 0.000000e+00 0.000000e+00

1
hog_feature 3
25
10 30 16 8
4_cells_hog
1.959167e+02 -1.052112e-01 2.610495e-01
0.000000e+00 0.000000e+00 0.000000e+00
0.000000e+00 0.000000e+00 0.000000e+00

1
hog_feature 3
10
26 10 6 12
4_cells_hog
3.309723e+02 -5.582181e-02 4.781329e-01
0.000000e+00 0.000000e+00 0.000000e+00
0.000000e+00 0.000000e+00 0.000000e+00

1
var_feature 2
1
26 32 4 8
one_rect_var
1.705593e+03 5.437148e-02 -5.156372e-01
0.000000e+00 0.000000e+00 0.000000e+00
0.000000e+00 0.000000e+00 0.000000e+00

1
haar_feature 1
2
22 34 13 6 0 -1
22 37 13 3 0 2
haar_y2
-6.884219e-03 2.677109e-01 -1.090789e-01
0.000000e+00 0.000000e+00 0.000000e+00
0.000000e+00 0.000000e+00 0.000000e+00

65
1 2 5 7 8 10 13 15 16 18 21 23 25 26 29 30 32 34 37 39 40 42 44 46 48 50 52 54 55 57 59 61 63 65 68 69 70 71 72 73 74 75 76 77 78 79 80 81 82 83 84 85 86 87 88 89 90 91 92 93 94 95 96 97 98 
-1.327332e+00
35
0 2 4 6 8 11 12 14 16 18 20 22 24 27 28 30 32 34 36 38 41 42 45 47 49 51 52 54 56 57 59 61 64 66 67 
-1.601442e+00
56
1 3 5 7 9 11 13 15 17 19 21 23 25 27 29 31 33 35 37 39 41 43 45 47 49 51 53 54 56 58 60 62 64 66 68 69 70 71 72 73 74 75 76 77 78 79 80 81 82 83 84 85 86 87 88 89 
-1.517357e+00

15
-1
