74
2
haar_feature 1
3
16 16 12 6 0 -1
16 16 6 3 0 2
22 19 6 3 0 2
haar_x2_y2
0.000000e+00 0.000000e+00 0.000000e+00
1.119737e-02 -5.355903e-01 3.461539e-01
0.000000e+00 0.000000e+00 0.000000e+00

5
hog_feature 3
9
0 10 28 14
4_cells_hog
9.056553e+02 -4.689379e-01 -6.326531e-02
0.000000e+00 0.000000e+00 0.000000e+00
1.236727e+03 -4.443561e-01 2.543103e-01

3
hog_feature 3
33
2 6 30 30
4_cells_hog
2.094433e+03 1.051672e-02 -8.066008e-01
4.078595e+02 1.143078e-01 -6.780264e-01
0.000000e+00 0.000000e+00 0.000000e+00

4
haar_feature 1
2
16 12 3 15 0 -1
16 12 3 5 0 3
haar_y3_1
0.000000e+00 0.000000e+00 0.000000e+00
0.000000e+00 0.000000e+00 0.000000e+00
-8.867737e-04 1.859041e-01 -3.922608e-01

3
haar_feature 1
2
8 14 12 11 0 -1
14 14 6 11 0 2
haar_x2
2.873896e-02 -1.662169e-01 2.454748e-01
-2.623542e-03 1.400198e-01 -5.507207e-01
0.000000e+00 0.000000e+00 0.000000e+00

4
hog_feature 3
26
22 24 10 10
4_cells_hog
0.000000e+00 0.000000e+00 0.000000e+00
0.000000e+00 0.000000e+00 0.000000e+00
2.159644e+01 1.953869e-01 -3.132401e-01

2
hog_feature 3
16
24 6 12 24
4_cells_hog
0.000000e+00 0.000000e+00 0.000000e+00
2.825477e+02 -3.111287e-01 3.506728e-01
0.000000e+00 0.000000e+00 0.000000e+00

5
hog_feature 3
19
24 4 14 28
4_cells_hog
1.978387e+01 -6.442435e-01 2.271641e-02
0.000000e+00 0.000000e+00 0.000000e+00
6.669678e+02 -1.845639e-01 2.905622e-01

2
haar_feature 1
2
10 24 14 9 0 -1
10 27 14 3 0 3
haar_y3_0
0.000000e+00 0.000000e+00 0.000000e+00
3.226259e-03 -4.349267e-01 2.033170e-01
0.000000e+00 0.000000e+00 0.000000e+00

5
hog_feature 3
3
18 4 10 20
4_cells_hog
3.298624e+01 1.733071e-01 -2.210568e-01
0.000000e+00 0.000000e+00 0.000000e+00
8.098856e+01 1.158774e-01 -2.730285e-01

3
hog_feature 3
8
2 24 28 14
4_cells_hog
1.380363e+02 -4.104807e-01 6.502617e-02
2.392014e+02 -4.304048e-01 1.837018e-01
0.000000e+00 0.000000e+00 0.000000e+00

4
var_feature 2
1
14 16 10 8
one_rect_var
0.000000e+00 0.000000e+00 0.000000e+00
0.000000e+00 0.000000e+00 0.000000e+00
9.131211e+02 8.324519e-02 -5.958719e-01

3
hog_feature 3
16
2 22 32 16
4_cells_hog
3.830454e+02 -1.341462e-01 1.090310e-01
1.007768e+02 2.534843e-01 -3.309485e-01
0.000000e+00 0.000000e+00 0.000000e+00

4
var_feature 2
1
14 2 4 7
one_rect_var
0.000000e+00 0.000000e+00 0.000000e+00
0.000000e+00 0.000000e+00 0.000000e+00
2.505195e+02 -3.593105e-01 1.736723e-01

1
hog_feature 3
20
10 6 18 18
4_cells_hog
1.045898e+02 -3.600129e-01 1.251563e-01
0.000000e+00 0.000000e+00 0.000000e+00
0.000000e+00 0.000000e+00 0.000000e+00

6
hog_feature 3
20
8 22 12 6
4_cells_hog
0.000000e+00 0.000000e+00 0.000000e+00
7.072754e-01 2.819162e-01 -2.559671e-01
2.081013e+01 8.193798e-02 -2.620093e-01

2
hog_feature 3
29
16 24 14 14
4_cells_hog
0.000000e+00 0.000000e+00 0.000000e+00
1.696905e+02 -2.716444e-01 3.009948e-01
0.000000e+00 0.000000e+00 0.000000e+00

5
var_feature 2
1
2 0 38 4
one_rect_var
9.701057e+02 1.537056e-01 -1.646910e-01
0.000000e+00 0.000000e+00 0.000000e+00
2.813228e+03 7.281926e-02 -5.063708e-01

1
haar_feature 1
2
16 6 18 12 0 -1
16 6 6 12 0 3
haar_x3_1
1.082791e-01 6.109842e-02 -6.290520e-01
0.000000e+00 0.000000e+00 0.000000e+00
0.000000e+00 0.000000e+00 0.000000e+00

6
hog_feature 3
18
8 16 20 10
4_cells_hog
0.000000e+00 0.000000e+00 0.000000e+00
8.597504e+01 2.193365e-01 -3.147028e-01
4.510989e+02 -1.002792e-01 2.624750e-01

7
hog_feature 3
7
8 8 30 30
4_cells_hog
8.747361e+02 -1.883469e-01 1.605053e-01
3.194971e+02 -4.779206e-01 1.115848e-01
1.855401e+03 -6.268188e-02 5.175952e-01

2
var_feature 2
1
36 4 4 4
one_rect_var
0.000000e+00 0.000000e+00 0.000000e+00
9.044922e+00 4.094490e-01 -1.997195e-01
0.000000e+00 0.000000e+00 0.000000e+00

5
hog_feature 3
15
14 6 14 28
4_cells_hog
3.146779e+02 9.495987e-02 -3.849099e-01
0.000000e+00 0.000000e+00 0.000000e+00
1.428564e+02 1.310345e-01 -2.244434e-01

7
hog_feature 3
13
0 0 28 14
4_cells_hog
9.026052e+01 -1.948771e-01 9.535187e-02
1.059062e+02 -5.411651e-01 1.417057e-01
3.070691e+01 -6.026837e-01 3.828537e-02

1
hog_feature 3
18
0 0 32 16
4_cells_hog
2.874471e+02 2.003417e-01 -2.074541e-01
0.000000e+00 0.000000e+00 0.000000e+00
0.000000e+00 0.000000e+00 0.000000e+00

6
hog_feature 3
35
8 14 12 12
4_cells_hog
0.000000e+00 0.000000e+00 0.000000e+00
2.223240e+02 4.847609e-02 -8.193027e-01
6.794525e+01 1.267028e-01 -3.067431e-01

7
var_feature 2
1
22 10 5 5
one_rect_var
2.329419e+01 -6.522192e-01 3.830317e-02
1.637579e+03 3.888748e-02 -8.283405e-01
3.825698e+02 -1.878099e-01 1.789971e-01

3
hog_feature 3
24
0 16 10 20
4_cells_hog
3.563262e+01 1.517761e-01 -1.644076e-01
2.121321e+01 2.557078e-01 -2.519137e-01
0.000000e+00 0.000000e+00 0.000000e+00

4
var_feature 2
1
28 0 7 14
one_rect_var
0.000000e+00 0.000000e+00 0.000000e+00
0.000000e+00 0.000000e+00 0.000000e+00
2.470892e+02 2.841107e-01 -1.686883e-01

1
haar_feature 1
2
10 12 30 25 0 -1
30 12 10 25 0 3
haar_x3_2
-2.357812e-01 2.587515e-01 -1.540261e-01
0.000000e+00 0.000000e+00 0.000000e+00
0.000000e+00 0.000000e+00 0.000000e+00

6
hog_feature 3
9
12 8 10 20
4_cells_hog
0.000000e+00 0.000000e+00 0.000000e+00
6.312542e+01 -3.848900e-01 1.712890e-01
3.604016e+01 -4.694686e-01 5.656549e-02

3
hog_feature 3
17
28 16 10 10
4_cells_hog
1.999969e+00 4.034460e-01 -8.404651e-02
6.158923e+01 -2.417352e-01 1.757041e-01
0.000000e+00 0.000000e+00 0.000000e+00

4
hog_feature 3
23
14 22 10 10
4_cells_hog
0.000000e+00 0.000000e+00 0.000000e+00
0.000000e+00 0.000000e+00 0.000000e+00
4.415567e+01 7.588138e-02 -5.986230e-01

2
hog_feature 3
22
22 16 14 14
4_cells_hog
0.000000e+00 0.000000e+00 0.000000e+00
1.815979e+01 3.988471e-01 -2.039507e-01
0.000000e+00 0.000000e+00 0.000000e+00

5
haar_feature 1
2
0 26 21 9 0 -1
0 29 21 3 0 3
haar_y3_0
-5.388846e-03 2.461043e-01 -1.337367e-01
0.000000e+00 0.000000e+00 0.000000e+00
9.715410e-03 -1.069394e-01 3.003631e-01

3
haar_feature 1
2
16 16 7 24 0 -1
16 16 7 8 0 2
haar_y3_4
-1.270621e-02 4.499701e-02 -7.027068e-01
-6.233754e-02 6.371555e-02 -7.243456e-01
0.000000e+00 0.000000e+00 0.000000e+00

4
haar_feature 1
3
22 24 8 10 0 -1
22 24 4 5 0 2
26 29 4 5 0 2
haar_x2_y2
0.000000e+00 0.000000e+00 0.000000e+00
0.000000e+00 0.000000e+00 0.000000e+00
-2.921264e-03 2.764428e-01 -1.786583e-01

2
haar_feature 1
2
14 8 23 30 0 -1
14 8 23 10 0 3
haar_y3_1
0.000000e+00 0.000000e+00 0.000000e+00
-1.531890e-01 -7.425137e-01 9.545905e-02
0.000000e+00 0.000000e+00 0.000000e+00

5
hog_feature 3
18
16 32 12 6
4_cells_hog
5.928180e+01 1.041245e-01 -3.176552e-01
0.000000e+00 0.000000e+00 0.000000e+00
1.528857e+01 1.264990e-01 -1.887233e-01

2
haar_feature 1
2
4 4 6 36 0 -1
4 16 6 12 0 3
haar_y3_0
0.000000e+00 0.000000e+00 0.000000e+00
4.509436e-02 -1.949807e-01 3.973177e-01
0.000000e+00 0.000000e+00 0.000000e+00

5
hog_feature 3
8
16 2 14 14
4_cells_hog
5.804777e+02 -1.240037e-01 3.398382e-01
0.000000e+00 0.000000e+00 0.000000e+00
1.977155e+02 -1.261032e-01 1.276565e-01

2
var_feature 2
1
2 2 13 4
one_rect_var
0.000000e+00 0.000000e+00 0.000000e+00
2.540619e+01 5.329945e-01 -1.365626e-01
0.000000e+00 0.000000e+00 0.000000e+00

5
var_feature 2
1
28 14 7 24
one_rect_var
1.488403e+02 -5.839649e-01 6.267460e-02
0.000000e+00 0.000000e+00 0.000000e+00
3.860828e+03 3.039256e-02 -6.534219e-01

1
hog_feature 3
1
24 8 12 24
4_cells_hog
1.495455e+03 -5.865344e-02 6.607611e-01
0.000000e+00 0.000000e+00 0.000000e+00
0.000000e+00 0.000000e+00 0.000000e+00

6
var_feature 2
1
0 24 15 4
one_rect_var
0.000000e+00 0.000000e+00 0.000000e+00
9.682007e+01 -8.097917e-01 8.308506e-02
4.089673e+01 -7.835870e-01 3.169526e-02

2
hog_feature 3
4
4 18 10 20
4_cells_hog
0.000000e+00 0.000000e+00 0.000000e+00
1.123769e+02 1.005543e-01 -5.829461e-01
0.000000e+00 0.000000e+00 0.000000e+00

5
var_feature 2
1
18 18 5 4
one_rect_var
9.401589e+02 9.133198e-02 -4.049151e-01
0.000000e+00 0.000000e+00 0.000000e+00
6.090088e+00 3.829240e-01 -9.847457e-02

3
haar_feature 1
2
12 6 4 15 0 -1
12 6 4 5 0 2
haar_y3_4
-1.575231e-02 -8.403013e-02 4.123743e-01
-7.759739e-02 -8.789197e-01 3.655195e-02
0.000000e+00 0.000000e+00 0.000000e+00

4
hog_feature 3
19
20 6 10 20
4_cells_hog
0.000000e+00 0.000000e+00 0.000000e+00
0.000000e+00 0.000000e+00 0.000000e+00
1.932678e+01 -5.303702e-01 8.842497e-02

5
haar_feature 1
2
14 6 12 13 0 -1
14 6 4 13 0 3
haar_x3_1
-4.833591e-02 -3.000214e-01 6.676794e-02
0.000000e+00 0.000000e+00 0.000000e+00
3.106724e-02 7.255498e-02 -4.716907e-01

5
haar_feature 1
2
16 18 9 15 0 -1
16 23 9 5 0 3
haar_y3_0
-4.091249e-04 1.470799e-01 -2.014274e-01
0.000000e+00 0.000000e+00 0.000000e+00
3.220542e-02 -3.749517e-02 7.912501e-01

5
haar_feature 1
2
14 8 10 16 0 -1
19 8 5 16 0 2
haar_x2
-6.290141e-02 -4.232489e-01 1.056717e-02
0.000000e+00 0.000000e+00 0.000000e+00
1.657423e-02 1.059945e-01 -5.232666e-01

5
hog_feature 3
22
12 14 18 18
4_cells_hog
6.814021e+02 1.925019e-02 -7.505965e-01
0.000000e+00 0.000000e+00 0.000000e+00
2.000006e+01 2.817006e-01 -1.636753e-01

5
hog_feature 3
22
14 8 18 18
4_cells_hog
8.649777e+01 -3.271613e-01 7.785749e-02
0.000000e+00 0.000000e+00 0.000000e+00
1.905038e+01 -5.390780e-01 7.551450e-02

5
hog_feature 3
7
12 30 8 8
4_cells_hog
2.394523e+02 -5.123530e-02 3.603124e-01
0.000000e+00 0.000000e+00 0.000000e+00
2.716672e+02 -7.704493e-02 4.837005e-01

5
hog_feature 3
32
4 6 20 10
4_cells_hog
4.436497e+01 1.045270e-01 -1.111692e-01
0.000000e+00 0.000000e+00 0.000000e+00
4.192059e+01 1.627676e-01 -2.887760e-01

5
var_feature 2
1
18 8 4 5
one_rect_var
1.211426e+01 -6.240695e-01 3.493931e-02
0.000000e+00 0.000000e+00 0.000000e+00
2.618378e+01 -4.138582e-01 7.619508e-02

5
var_feature 2
1
18 18 7 17
one_rect_var
5.460992e+01 7.259180e-01 -3.864488e-02
0.000000e+00 0.000000e+00 0.000000e+00
2.092737e+01 4.949538e-01 -6.286640e-02

5
haar_feature 1
2
14 24 9 6 0 -1
14 27 9 3 0 2
haar_y2
-4.307880e-03 2.267969e-01 -1.080464e-01
0.000000e+00 0.000000e+00 0.000000e+00
2.436664e-03 -1.024324e-01 3.433767e-01

5
hog_feature 3
25
16 8 14 14
4_cells_hog
6.034605e+01 -4.327853e-01 8.816533e-02
0.000000e+00 0.000000e+00 0.000000e+00
6.959595e+00 -3.801709e-01 3.830980e-02

5
hog_feature 3
34
2 22 6 12
4_cells_hog
4.577637e-05 2.150524e-01 -9.654825e-02
0.000000e+00 0.000000e+00 0.000000e+00
8.602310e+00 1.945833e-01 -1.967969e-01

5
haar_feature 1
2
12 10 11 30 0 -1
12 30 11 10 0 3
haar_y3_2
1.677209e-02 6.467696e-02 -1.529069e-01
0.000000e+00 0.000000e+00 0.000000e+00
1.077190e-02 1.233976e-01 -3.569631e-01

5
hog_feature 3
32
4 4 28 28
4_cells_hog
1.139067e+02 -6.873650e-01 4.424533e-02
0.000000e+00 0.000000e+00 0.000000e+00
4.234377e+02 4.849533e-02 -3.655954e-01

5
hog_feature 3
14
20 8 14 28
4_cells_hog
2.218621e+02 7.740043e-02 -2.914028e-01
0.000000e+00 0.000000e+00 0.000000e+00
4.224255e+01 -3.549912e-01 9.233233e-02

5
haar_feature 1
2
16 0 15 16 0 -1
16 8 15 8 0 2
haar_y2
2.653151e-02 -1.362099e-01 2.670489e-01
0.000000e+00 0.000000e+00 0.000000e+00
-3.267271e-02 2.395860e-01 -6.266832e-02

5
hog_feature 3
4
16 4 8 16
4_cells_hog
3.506364e+01 1.170397e-01 -2.347716e-01
0.000000e+00 0.000000e+00 0.000000e+00
5.523921e+01 9.219395e-02 -2.782407e-01

5
hog_feature 3
3
8 0 28 14
4_cells_hog
7.545743e+01 -2.297543e-01 1.365853e-01
0.000000e+00 0.000000e+00 0.000000e+00
2.367097e+01 -4.989929e-01 3.814935e-02

5
var_feature 2
1
22 20 4 4
one_rect_var
2.782617e+01 3.830803e-01 -9.239346e-02
0.000000e+00 0.000000e+00 0.000000e+00
6.742188e+00 -3.834919e-01 3.307218e-02

5
var_feature 2
1
14 20 7 5
one_rect_var
1.616055e+02 -2.507736e-01 6.255662e-02
0.000000e+00 0.000000e+00 0.000000e+00
1.140869e+01 3.205115e-01 -1.231598e-01

5
hog_feature 3
25
6 6 14 14
4_cells_hog
5.817362e+01 1.445621e-01 -1.413362e-01
0.000000e+00 0.000000e+00 0.000000e+00
3.509987e+02 -9.865917e-02 3.400485e-01

5
haar_feature 1
2
12 8 9 11 0 -1
12 8 3 11 0 3
haar_x3_1
-5.728266e-02 -4.344392e-01 2.750424e-02
0.000000e+00 0.000000e+00 0.000000e+00
2.630453e-02 8.004048e-02 -5.857890e-01

5
hog_feature 3
21
6 22 32 16
4_cells_hog
5.242096e+00 -5.715364e-01 8.106746e-03
0.000000e+00 0.000000e+00 0.000000e+00
1.816553e+02 -2.626807e-01 2.000930e-01

4
hog_feature 3
30
8 20 12 12
4_cells_hog
0.000000e+00 0.000000e+00 0.000000e+00
0.000000e+00 0.000000e+00 0.000000e+00
2.479415e+01 1.541215e-01 -3.194585e-01

4
hog_feature 3
27
18 12 12 12
4_cells_hog
0.000000e+00 0.000000e+00 0.000000e+00
0.000000e+00 0.000000e+00 0.000000e+00
2.953497e+02 -1.414483e-01 3.090428e-01

49
1 2 4 7 9 10 12 14 17 18 20 22 23 24 26 27 29 31 34 35 38 40 42 43 46 47 49 50 51 52 53 54 55 56 57 58 59 60 61 62 63 64 65 66 67 68 69 70 71 
-1.415766e+00
26
0 2 4 6 8 10 12 15 16 19 20 21 23 25 26 27 30 31 33 35 37 39 41 44 45 47 
-1.967993e+00
51
1 3 5 7 9 11 13 15 17 19 20 22 23 25 26 28 30 32 34 36 38 40 42 44 46 48 49 50 51 52 53 54 55 56 57 58 59 60 61 62 63 64 65 66 67 68 69 70 71 72 73 
-1.806649e+00

10
-1
