7
2
hog_feature 3
18
24 8 14 28
4_cells_hog
0.000000e+00 0.000000e+00 0.000000e+00
1.151793e+02 -1.000000e+00 9.148936e-01
0.000000e+00 0.000000e+00 0.000000e+00

5
hog_feature 3
17
2 24 12 12
4_cells_hog
5.020218e+01 -7.142857e-01 8.835979e-01
0.000000e+00 0.000000e+00 0.000000e+00
5.117871e+01 -7.391304e-01 7.524753e-01

5
hog_feature 3
8
24 12 12 12
4_cells_hog
1.362731e+02 -4.625278e-01 7.969205e-01
0.000000e+00 0.000000e+00 0.000000e+00
1.354990e+02 -4.603941e-01 4.796531e-01

5
hog_feature 3
28
10 10 14 14
4_cells_hog
1.595359e+02 6.394870e-01 -3.610082e-01
0.000000e+00 0.000000e+00 0.000000e+00
9.474707e+01 -5.236177e-01 6.126454e-01

5
var_feature 2
1
16 26 14 14
one_rect_var
8.000466e+02 -5.430380e-01 9.668597e-01
0.000000e+00 0.000000e+00 0.000000e+00
2.927232e+03 2.749266e-01 -6.390774e-01

4
haar_feature 1
3
20 2 14 28 0 -1
20 2 7 14 0 2
27 16 7 14 0 2
haar_x2_y2
0.000000e+00 0.000000e+00 0.000000e+00
0.000000e+00 0.000000e+00 0.000000e+00
-1.790908e-02 6.793858e-01 -5.494620e-01

4
hog_feature 3
21
16 16 18 18
4_cells_hog
0.000000e+00 0.000000e+00 0.000000e+00
0.000000e+00 0.000000e+00 0.000000e+00
9.053882e+01 4.804716e-01 -7.630017e-01

4
1 2 3 4 
-4.829761e-01
1
0 
9.148936e-01
6
1 2 3 4 5 6 
-3.290263e-01

16
-1
