8
7
hog_feature 3
3
6 9 22 22
4_cells_hog
1.158422e+02 -9.473684e-01 -2.442748e-01
1.235779e+03 -7.686747e-01 6.432433e-01
1.905120e+03 -4.373866e-01 8.367347e-01

7
hog_feature 3
27
0 12 20 10
4_cells_hog
9.313867e+01 2.668765e-01 -6.972214e-01
1.418156e+02 2.070353e-01 -9.035966e-01
8.949652e+01 2.480580e-01 -7.870635e-01

7
hog_feature 3
5
12 15 22 22
4_cells_hog
4.503165e+02 -7.233668e-01 2.245971e-01
3.556891e+02 -9.559057e-01 2.412644e-01
5.581631e+02 -6.220663e-01 2.644635e-01

7
hog_feature 3
34
24 3 16 32
4_cells_hog
4.925269e+02 -6.440374e-01 5.049689e-01
1.042553e+02 -7.689830e-01 7.442777e-02
5.931481e+02 8.308033e-02 -7.532132e-01

5
hog_feature 3
29
6 3 28 28
4_cells_hog
7.885945e+02 2.183601e-01 -6.586848e-01
0.000000e+00 0.000000e+00 0.000000e+00
4.057698e+02 -9.243684e-01 2.059969e-01

5
hog_feature 3
19
9 6 16 16
4_cells_hog
2.876279e+02 1.067936e-01 -7.982146e-01
0.000000e+00 0.000000e+00 0.000000e+00
1.140358e+02 2.304414e-01 -8.779219e-01

1
hog_feature 3
31
12 9 28 28
4_cells_hog
5.447344e+02 4.012592e-01 -5.976030e-01
0.000000e+00 0.000000e+00 0.000000e+00
0.000000e+00 0.000000e+00 0.000000e+00

1
hog_feature 3
14
12 6 16 32
4_cells_hog
1.081477e+03 -3.705848e-01 7.493463e-01
0.000000e+00 0.000000e+00 0.000000e+00
0.000000e+00 0.000000e+00 0.000000e+00

8
0 1 2 3 4 5 6 7 
-1.039873e+00
4
0 1 2 3 
-1.356579e+00
6
0 1 2 3 4 5 
-1.350003e+00

2
-1
