13
2
hog_feature 3
7
22 10 14 28
4_cells_hog
0.000000e+00 0.000000e+00 0.000000e+00
5.204543e+02 -7.978339e-01 1.558935e-01
0.000000e+00 0.000000e+00 0.000000e+00

5
hog_feature 3
34
6 14 12 24
4_cells_hog
5.719312e+02 -6.498674e-01 3.987730e-01
0.000000e+00 0.000000e+00 0.000000e+00
4.370753e+02 -7.068404e-01 1.587983e-01

3
var_feature 2
1
20 10 6 30
one_rect_var
1.700321e+03 1.956875e-01 -7.750279e-01
2.336740e+03 1.244003e-01 -8.325300e-01
0.000000e+00 0.000000e+00 0.000000e+00

4
hog_feature 3
17
8 6 10 20
4_cells_hog
0.000000e+00 0.000000e+00 0.000000e+00
0.000000e+00 0.000000e+00 0.000000e+00
2.979259e+02 -7.332487e-01 3.615257e-01

3
hog_feature 3
27
20 8 12 24
4_cells_hog
6.062844e+02 -3.964399e-01 4.235988e-01
3.051230e+02 -6.723759e-01 3.910488e-01
0.000000e+00 0.000000e+00 0.000000e+00

4
hog_feature 3
24
14 16 22 22
4_cells_hog
0.000000e+00 0.000000e+00 0.000000e+00
0.000000e+00 0.000000e+00 0.000000e+00
1.091363e+03 -5.182637e-01 6.619827e-01

3
hog_feature 3
7
0 0 34 34
4_cells_hog
8.876003e+02 4.181369e-01 -5.375031e-01
7.632221e+02 3.718594e-01 -5.080499e-01
0.000000e+00 0.000000e+00 0.000000e+00

4
haar_feature 1
3
20 8 16 26 0 -1
20 8 8 13 0 2
28 21 8 13 0 2
haar_x2_y2
0.000000e+00 0.000000e+00 0.000000e+00
0.000000e+00 0.000000e+00 0.000000e+00
-3.310973e-02 5.637183e-01 -5.101001e-01

3
hog_feature 3
33
0 10 28 14
4_cells_hog
3.749831e+02 -6.040409e-01 3.955794e-01
2.874797e+02 -7.701834e-01 2.331968e-01
0.000000e+00 0.000000e+00 0.000000e+00

4
hog_feature 3
17
8 18 10 10
4_cells_hog
0.000000e+00 0.000000e+00 0.000000e+00
0.000000e+00 0.000000e+00 0.000000e+00
6.033276e+01 -9.447875e-01 3.033139e-01

3
hog_feature 3
0
16 4 14 14
4_cells_hog
2.156221e+02 -7.236131e-01 2.560453e-01
3.655218e+02 -3.871683e-01 5.289898e-01
0.000000e+00 0.000000e+00 0.000000e+00

3
hog_feature 3
11
18 6 10 20
4_cells_hog
1.392319e+02 3.196894e-01 -7.100086e-01
1.980719e+02 2.475568e-01 -8.018297e-01
0.000000e+00 0.000000e+00 0.000000e+00

3
hog_feature 3
34
20 22 6 6
4_cells_hog
4.354919e+01 -4.347079e-01 5.054916e-01
3.951642e+01 1.458778e-01 -8.476153e-01
0.000000e+00 0.000000e+00 0.000000e+00

8
1 2 4 6 8 10 11 12 
-1.061176e+00
8
0 2 4 6 8 10 11 12 
-1.631373e+00
5
1 3 5 7 9 
-1.244648e+00

4
-1
