5
3
var_feature 2
1
4 16 33 21
one_rect_var
1.856288e+02 -1.000000e+00 9.938335e-01
1.027696e+02 -1.000000e+00 9.959016e-01
0.000000e+00 0.000000e+00 0.000000e+00

4
haar_feature 1
2
8 8 14 12 0 -1
8 12 14 4 0 3
haar_y3_0
0.000000e+00 0.000000e+00 0.000000e+00
0.000000e+00 0.000000e+00 0.000000e+00
2.932540e-02 9.958720e-01 -1.000000e+00

1
haar_feature 1
2
14 6 7 9 0 -1
14 9 7 3 0 3
haar_y3_0
1.873180e-02 9.938140e-01 -4.173952e-01
0.000000e+00 0.000000e+00 0.000000e+00
0.000000e+00 0.000000e+00 0.000000e+00

2
hog_feature 3
33
18 10 14 28
4_cells_hog
0.000000e+00 0.000000e+00 0.000000e+00
7.187385e+02 9.979571e-01 -1.000000e+00
0.000000e+00 0.000000e+00 0.000000e+00

1
haar_feature 1
2
12 2 14 18 0 -1
12 8 14 6 0 3
haar_y3_0
7.510404e-02 9.463168e-01 -9.414853e-01
0.000000e+00 0.000000e+00 0.000000e+00
0.000000e+00 0.000000e+00 0.000000e+00

3
0 2 4 
1.522755e+00
2
0 3 
1.993859e+00
1
1 
9.958720e-01

26
-1
