12
1
hog_feature 3
11
22 0 14 14
4_cells_hog
4.832744e+02 -5.957895e-01 6.347826e-01
0.000000e+00 0.000000e+00 0.000000e+00
0.000000e+00 0.000000e+00 0.000000e+00

6
hog_feature 3
19
28 10 10 20
4_cells_hog
0.000000e+00 0.000000e+00 0.000000e+00
4.630001e+02 -6.991643e-01 1.774892e-01
5.299443e+02 -5.733333e-01 3.428572e-01

1
hog_feature 3
30
0 10 10 20
4_cells_hog
1.058980e+02 3.717816e-01 -8.503778e-01
0.000000e+00 0.000000e+00 0.000000e+00
0.000000e+00 0.000000e+00 0.000000e+00

6
hog_feature 3
25
12 12 14 14
4_cells_hog
0.000000e+00 0.000000e+00 0.000000e+00
1.625324e+02 -6.209058e-01 3.269981e-01
9.229370e+01 -7.016006e-01 2.090484e-01

3
haar_feature 1
2
18 10 5 21 0 -1
18 17 5 7 0 3
haar_y3_0
-9.840338e-03 4.218732e-01 -5.968360e-01
-2.608032e-03 3.195651e-01 -7.491354e-01
0.000000e+00 0.000000e+00 0.000000e+00

4
hog_feature 3
2
6 16 14 14
4_cells_hog
0.000000e+00 0.000000e+00 0.000000e+00
0.000000e+00 0.000000e+00 0.000000e+00
4.184272e+02 -3.444478e-01 6.906646e-01

1
haar_feature 1
2
8 26 12 7 0 -1
14 26 6 7 0 2
haar_x2
2.217409e-03 3.350542e-01 -8.867880e-01
0.000000e+00 0.000000e+00 0.000000e+00
0.000000e+00 0.000000e+00 0.000000e+00

6
hog_feature 3
26
20 20 14 14
4_cells_hog
0.000000e+00 0.000000e+00 0.000000e+00
1.702794e+02 2.723394e-01 -8.334824e-01
6.301416e+01 4.940839e-01 -3.825538e-01

6
hog_feature 3
8
2 8 12 12
4_cells_hog
0.000000e+00 0.000000e+00 0.000000e+00
2.027759e+02 -6.505191e-01 5.082842e-01
2.668469e+01 3.807643e-01 -1.662005e-01

6
hog_feature 3
9
4 10 28 28
4_cells_hog
0.000000e+00 0.000000e+00 0.000000e+00
6.570504e+02 -8.958217e-01 2.050331e-01
1.327317e+03 -3.493860e-01 5.023107e-01

4
hog_feature 3
20
8 22 6 12
4_cells_hog
0.000000e+00 0.000000e+00 0.000000e+00
0.000000e+00 0.000000e+00 0.000000e+00
5.341278e+01 2.894497e-01 -8.176352e-01

4
hog_feature 3
20
22 22 14 14
4_cells_hog
0.000000e+00 0.000000e+00 0.000000e+00
0.000000e+00 0.000000e+00 0.000000e+00
1.189288e+02 -8.815710e-01 2.371879e-01

4
0 2 4 6 
-6.892398e-01
6
1 3 4 7 8 9 
-1.365699e+00
8
1 3 5 7 8 9 10 11 
-1.114247e+00

4
-1
