7
2
hog_feature 3
10
22 8 12 24
4_cells_hog
0.000000e+00 0.000000e+00 0.000000e+00
5.284847e+02 -7.580247e-01 5.243243e-01
0.000000e+00 0.000000e+00 0.000000e+00

5
hog_feature 3
25
4 14 12 24
4_cells_hog
6.258467e+02 -6.637931e-01 7.777778e-01
0.000000e+00 0.000000e+00 0.000000e+00
5.106268e+02 -6.666667e-01 3.750000e-01

3
hog_feature 3
24
26 6 12 24
4_cells_hog
1.586385e+02 5.139116e-01 -8.288522e-01
1.429717e+02 3.462671e-01 -7.186030e-01
0.000000e+00 0.000000e+00 0.000000e+00

4
haar_feature 1
2
14 24 12 6 0 -1
20 24 6 6 0 2
haar_x2
0.000000e+00 0.000000e+00 0.000000e+00
0.000000e+00 0.000000e+00 0.000000e+00
3.348753e-03 -9.443594e-01 3.917758e-01

2
hog_feature 3
16
0 22 14 14
4_cells_hog
0.000000e+00 0.000000e+00 0.000000e+00
2.204304e+02 -8.347642e-01 4.946332e-01
0.000000e+00 0.000000e+00 0.000000e+00

5
hog_feature 3
25
16 24 20 10
4_cells_hog
8.956506e+01 3.698212e-01 -7.990848e-01
0.000000e+00 0.000000e+00 0.000000e+00
8.886325e+01 4.254526e-01 -7.352904e-01

7
hog_feature 3
28
14 0 18 36
4_cells_hog
7.220985e+02 -9.278868e-01 3.199795e-01
7.486803e+02 -7.928208e-01 3.501130e-01
1.029327e+03 -5.280675e-01 5.649714e-01

4
1 2 5 6 
-8.028446e-01
4
0 2 4 6 
-8.964089e-01
4
1 3 5 6 
-1.538249e+00

0
-1
