10
7
hog_feature 3
16
24 6 16 32
4_cells_hog
1.304941e+02 -7.872341e-01 -1.262136e-01
2.634442e+02 -9.003322e-01 2.374582e-01
9.153986e+01 -8.181818e-01 -1.494253e-01

7
hog_feature 3
2
0 12 16 16
4_cells_hog
3.320798e+01 -4.146758e-01 3.240264e-02
2.959912e+02 -6.923028e-01 5.555180e-01
2.256678e+02 -3.761148e-01 2.760286e-01

7
hog_feature 3
34
6 3 28 28
4_cells_hog
4.589061e+02 -8.663679e-01 2.022500e-01
7.263810e+02 1.946680e-01 -8.814513e-01
1.841780e+02 -8.050331e-01 1.046238e-01

7
hog_feature 3
2
12 9 28 28
4_cells_hog
7.668020e+02 1.493163e-01 -6.172806e-01
3.551301e+02 -7.053902e-01 2.100059e-01
6.339461e+02 2.681931e-01 -6.338018e-01

5
hog_feature 3
17
0 15 32 16
4_cells_hog
4.360818e+02 3.005312e-01 -6.605720e-01
0.000000e+00 0.000000e+00 0.000000e+00
5.323656e+02 1.094594e-01 -8.285373e-01

5
hog_feature 3
22
9 9 10 10
4_cells_hog
2.983531e+02 -4.906360e-01 3.359202e-01
0.000000e+00 0.000000e+00 0.000000e+00
1.456035e+02 -8.081555e-01 1.068972e-01

5
haar_feature 1
2
21 12 15 9 0 -1
31 12 5 9 0 3
haar_x3_2
4.397966e-02 5.818564e-02 -4.794063e-01
0.000000e+00 0.000000e+00 0.000000e+00
1.070892e-02 -4.941437e-01 4.994944e-01

5
hog_feature 3
31
12 12 28 28
4_cells_hog
6.906699e+02 2.892512e-01 -6.694478e-01
0.000000e+00 0.000000e+00 0.000000e+00
4.168313e+02 -8.146932e-01 1.138040e-01

4
var_feature 2
1
3 15 26 6
one_rect_var
0.000000e+00 0.000000e+00 0.000000e+00
0.000000e+00 0.000000e+00 0.000000e+00
2.265333e+03 1.660883e-01 -9.441237e-01

4
hog_feature 3
14
24 3 16 32
4_cells_hog
0.000000e+00 0.000000e+00 0.000000e+00
0.000000e+00 0.000000e+00 0.000000e+00
3.113608e+02 -7.472069e-01 2.075914e-01

8
0 1 2 3 4 5 6 7 
-1.310209e+00
4
0 1 2 3 
-1.187961e+00
10
0 1 2 3 4 5 6 7 8 9 
-1.521440e+00

4
-1
