19
7
hog_feature 3
5
15 18 10 10
4_cells_hog
1.305897e+02 -2.350598e-01 -4.040115e-01
5.506451e+02 -4.767442e-01 5.476190e-01
1.433613e+02 -6.384615e-01 -1.000000e-01

7
hog_feature 3
13
27 18 10 20
4_cells_hog
7.237256e+01 2.051847e-01 -2.600244e-01
2.304150e+01 3.897692e-01 -4.067724e-01
1.528379e+02 2.907850e-01 -2.469090e-01

6
hog_feature 3
6
9 21 16 16
4_cells_hog
0.000000e+00 0.000000e+00 0.000000e+00
1.866065e+02 -9.160102e-01 2.616229e-01
4.154963e+02 5.827828e-02 -6.069397e-01

7
hog_feature 3
2
3 9 16 16
4_cells_hog
7.902358e+01 -1.336345e-01 8.914464e-02
3.626552e+02 -6.264448e-01 2.481493e-01
8.404536e+01 -4.622576e-01 1.688365e-01

7
hog_feature 3
11
0 6 32 16
4_cells_hog
3.258150e+01 2.966491e-01 -4.709177e-02
6.283779e+02 2.694191e-01 -8.033878e-01
5.521174e+02 1.124650e-01 -5.513633e-01

7
hog_feature 3
15
9 12 28 28
4_cells_hog
3.530005e+02 -6.963887e-01 6.852106e-02
8.590703e+02 2.484067e-01 -6.768267e-01
6.348159e+02 -2.499741e-01 2.076737e-01

7
var_feature 2
1
15 15 9 7
one_rect_var
6.474561e+03 1.182560e-02 -9.999933e-01
3.560789e+02 -8.930333e-01 1.331893e-01
1.024115e+03 2.141112e-01 -4.409803e-01

7
hog_feature 3
4
6 12 28 28
4_cells_hog
1.135233e+03 -6.896319e-01 6.666075e-02
7.183593e+02 -1.000000e+00 5.381578e-02
3.423769e+03 -2.844020e-01 3.783393e-01

5
hog_feature 3
34
15 21 16 16
4_cells_hog
1.012024e+03 -8.308408e-02 7.055994e-01
0.000000e+00 0.000000e+00 0.000000e+00
1.182223e+02 -4.414851e-01 2.747498e-01

5
hog_feature 3
8
9 15 16 16
4_cells_hog
2.876649e+01 3.169136e-01 -2.138796e-01
0.000000e+00 0.000000e+00 0.000000e+00
6.199081e+01 1.920490e-01 -5.298336e-01

5
hog_feature 3
14
6 0 10 20
4_cells_hog
4.228499e+02 8.068527e-02 -6.517197e-01
0.000000e+00 0.000000e+00 0.000000e+00
3.727058e+01 4.324524e-01 -2.864769e-01

5
hog_feature 3
32
24 15 4 4
4_cells_hog
1.264902e+01 -3.368210e-01 3.809552e-01
0.000000e+00 0.000000e+00 0.000000e+00
1.201115e+02 3.678340e-02 -7.950498e-01

5
haar_feature 1
3
33 6 6 30 0 -1
33 6 3 15 0 2
36 21 3 15 0 2
haar_x2_y2
-4.615018e-03 2.485538e-01 -1.637713e-01
0.000000e+00 0.000000e+00 0.000000e+00
-9.736432e-03 4.962581e-01 -2.535206e-01

5
hog_feature 3
7
0 15 10 20
4_cells_hog
4.369685e+01 -4.053197e-01 1.723194e-01
0.000000e+00 0.000000e+00 0.000000e+00
4.349678e+01 -4.221166e-01 2.138001e-01

5
hog_feature 3
27
24 6 16 32
4_cells_hog
6.139019e+02 1.482370e-01 -4.873882e-01
0.000000e+00 0.000000e+00 0.000000e+00
4.880161e+02 1.366425e-01 -5.729898e-01

5
hog_feature 3
23
27 18 10 20
4_cells_hog
1.987118e+02 1.627225e-01 -5.734416e-01
0.000000e+00 0.000000e+00 0.000000e+00
6.906641e+01 -5.186562e-01 7.388058e-02

1
hog_feature 3
3
15 15 10 20
4_cells_hog
2.127303e+02 -3.772638e-01 2.498297e-01
0.000000e+00 0.000000e+00 0.000000e+00
0.000000e+00 0.000000e+00 0.000000e+00

1
hog_feature 3
17
12 15 20 10
4_cells_hog
2.345244e+02 1.217256e-01 -7.251408e-01
0.000000e+00 0.000000e+00 0.000000e+00
0.000000e+00 0.000000e+00 0.000000e+00

1
haar_feature 1
2
18 3 9 25 0 -1
21 3 3 25 0 3
haar_x3_0
-2.131581e-02 6.583449e-01 -1.761556e-01
0.000000e+00 0.000000e+00 0.000000e+00
0.000000e+00 0.000000e+00 0.000000e+00

18
0 1 3 4 5 6 7 8 9 10 11 12 13 14 15 16 17 18 
-1.122256e+00
8
0 1 2 3 4 5 6 7 
-1.622011e+00
16
0 1 2 3 4 5 6 7 8 9 10 11 12 13 14 15 
-1.340322e+00

11
-1
