55
2
haar_feature 1
2
24 26 3 9 0 -1
24 26 3 3 0 3
haar_y3_1
0.000000e+00 0.000000e+00 0.000000e+00
2.583145e-03 -7.120921e-01 7.974594e-02
0.000000e+00 0.000000e+00 0.000000e+00

5
haar_feature 1
2
12 0 16 6 0 -1
12 3 16 3 0 2
haar_y2
6.038224e-03 -4.861437e-01 4.112808e-02
0.000000e+00 0.000000e+00 0.000000e+00
8.814729e-03 -5.587044e-01 1.035857e-01

2
hog_feature 3
16
2 22 32 16
4_cells_hog
0.000000e+00 0.000000e+00 0.000000e+00
1.785009e+02 2.051695e-01 -6.883895e-01
0.000000e+00 0.000000e+00 0.000000e+00

5
hog_feature 3
35
2 12 12 24
4_cells_hog
3.466372e+02 -2.485635e-01 2.098951e-01
0.000000e+00 0.000000e+00 0.000000e+00
2.812354e+02 -3.651248e-01 2.021257e-01

2
hog_feature 3
8
2 22 16 16
4_cells_hog
0.000000e+00 0.000000e+00 0.000000e+00
2.892259e+02 -4.428066e-01 3.251316e-01
0.000000e+00 0.000000e+00 0.000000e+00

5
hog_feature 3
13
8 6 18 18
4_cells_hog
5.621841e+01 2.063788e-01 -2.371381e-01
0.000000e+00 0.000000e+00 0.000000e+00
9.934357e+01 1.554827e-01 -3.779440e-01

3
haar_feature 1
2
14 6 15 15 0 -1
14 6 15 5 0 3
haar_y3_1
-4.211473e-02 3.207963e-01 -1.298071e-01
7.340543e-02 -2.646992e-01 4.109645e-01
0.000000e+00 0.000000e+00 0.000000e+00

4
haar_feature 1
2
16 22 11 18 0 -1
16 28 11 6 0 3
haar_y3_0
0.000000e+00 0.000000e+00 0.000000e+00
0.000000e+00 0.000000e+00 0.000000e+00
2.221952e-02 -2.265238e-01 3.520484e-01

3
haar_feature 1
2
22 4 18 31 0 -1
34 4 6 31 0 3
haar_x3_2
-9.841518e-02 2.181989e-01 -1.581870e-01
-1.889378e-01 5.668367e-01 -2.012536e-01
0.000000e+00 0.000000e+00 0.000000e+00

4
hog_feature 3
22
14 12 16 8
4_cells_hog
0.000000e+00 0.000000e+00 0.000000e+00
0.000000e+00 0.000000e+00 0.000000e+00
8.031219e+00 -5.566658e-01 1.268266e-01

2
haar_feature 1
2
14 18 4 15 0 -1
14 28 4 5 0 3
haar_y3_2
0.000000e+00 0.000000e+00 0.000000e+00
5.751912e-03 -5.363915e-01 2.302472e-01
0.000000e+00 0.000000e+00 0.000000e+00

5
hog_feature 3
19
22 12 12 6
4_cells_hog
8.882483e+01 -2.157032e-01 3.001917e-01
0.000000e+00 0.000000e+00 0.000000e+00
8.670782e+01 -1.380185e-01 2.014281e-01

3
hog_feature 3
17
24 8 12 24
4_cells_hog
2.865713e+02 1.264554e-01 -2.390596e-01
9.321048e+01 -7.027198e-01 1.325490e-01
0.000000e+00 0.000000e+00 0.000000e+00

4
hog_feature 3
21
12 22 20 10
4_cells_hog
0.000000e+00 0.000000e+00 0.000000e+00
0.000000e+00 0.000000e+00 0.000000e+00
2.043155e+01 2.895562e-01 -2.858570e-01

1
hog_feature 3
7
14 2 14 28
4_cells_hog
9.351262e+02 -1.316247e-01 4.190786e-01
0.000000e+00 0.000000e+00 0.000000e+00
0.000000e+00 0.000000e+00 0.000000e+00

6
hog_feature 3
18
12 24 24 12
4_cells_hog
0.000000e+00 0.000000e+00 0.000000e+00
2.077302e+02 9.862354e-02 -6.125886e-01
1.405649e+02 1.878383e-01 -2.889052e-01

3
hog_feature 3
25
6 10 14 14
4_cells_hog
6.514568e+01 1.935696e-01 -1.743205e-01
1.675342e+02 -3.158483e-01 2.742532e-01
0.000000e+00 0.000000e+00 0.000000e+00

4
hog_feature 3
19
24 8 14 28
4_cells_hog
0.000000e+00 0.000000e+00 0.000000e+00
0.000000e+00 0.000000e+00 0.000000e+00
1.753175e+02 -5.400524e-01 1.216986e-01

2
hog_feature 3
6
0 4 14 28
4_cells_hog
0.000000e+00 0.000000e+00 0.000000e+00
1.045572e+02 2.772870e-01 -4.058586e-01
0.000000e+00 0.000000e+00 0.000000e+00

5
hog_feature 3
27
16 2 8 16
4_cells_hog
5.635886e+01 -3.788729e-01 1.036444e-01
0.000000e+00 0.000000e+00 0.000000e+00
5.134851e+01 -3.370560e-01 1.137644e-01

1
hog_feature 3
30
16 0 18 36
4_cells_hog
5.377958e+02 9.831623e-02 -5.941017e-01
0.000000e+00 0.000000e+00 0.000000e+00
0.000000e+00 0.000000e+00 0.000000e+00

6
hog_feature 3
33
12 0 20 10
4_cells_hog
0.000000e+00 0.000000e+00 0.000000e+00
4.608904e+01 -5.804143e-01 1.577829e-01
2.102174e+02 7.293880e-02 -4.639204e-01

1
hog_feature 3
23
18 12 14 14
4_cells_hog
7.059012e+01 -3.321261e-01 1.471626e-01
0.000000e+00 0.000000e+00 0.000000e+00
0.000000e+00 0.000000e+00 0.000000e+00

6
hog_feature 3
11
26 8 12 24
4_cells_hog
0.000000e+00 0.000000e+00 0.000000e+00
9.802661e+01 2.222375e-01 -4.198011e-01
2.131243e+02 1.039274e-01 -2.958091e-01

3
hog_feature 3
28
26 16 10 10
4_cells_hog
1.721228e+01 1.820332e-01 -1.984124e-01
9.991586e+01 -2.300919e-01 3.417216e-01
0.000000e+00 0.000000e+00 0.000000e+00

4
haar_feature 1
2
16 10 4 12 0 -1
16 18 4 4 0 2
haar_y3_5
0.000000e+00 0.000000e+00 0.000000e+00
0.000000e+00 0.000000e+00 0.000000e+00
-3.812176e-02 -5.078019e-01 1.245379e-01

2
var_feature 2
1
20 8 10 27
one_rect_var
0.000000e+00 0.000000e+00 0.000000e+00
1.661897e+03 1.643909e-01 -6.386395e-01
0.000000e+00 0.000000e+00 0.000000e+00

5
var_feature 2
1
16 18 7 17
one_rect_var
2.587105e+03 3.467247e-02 -7.047236e-01
0.000000e+00 0.000000e+00 0.000000e+00
4.208606e+01 4.223711e-01 -1.377144e-01

1
hog_feature 3
9
0 8 36 18
4_cells_hog
1.485031e+03 -1.568381e-01 3.439395e-01
0.000000e+00 0.000000e+00 0.000000e+00
0.000000e+00 0.000000e+00 0.000000e+00

6
var_feature 2
1
12 8 5 4
one_rect_var
0.000000e+00 0.000000e+00 0.000000e+00
3.377051e+01 -7.831429e-01 7.404734e-02
6.256894e+01 -4.759696e-01 1.166022e-01

3
hog_feature 3
26
18 24 14 14
4_cells_hog
1.500093e+02 1.532318e-01 -3.205395e-01
1.690786e+02 5.845255e-02 -6.239098e-01
0.000000e+00 0.000000e+00 0.000000e+00

4
hog_feature 3
4
10 2 18 36
4_cells_hog
0.000000e+00 0.000000e+00 0.000000e+00
0.000000e+00 0.000000e+00 0.000000e+00
5.626107e+02 8.952630e-02 -6.286820e-01

2
var_feature 2
1
4 34 31 4
one_rect_var
0.000000e+00 0.000000e+00 0.000000e+00
6.178374e+02 -4.004791e-01 2.661944e-01
0.000000e+00 0.000000e+00 0.000000e+00

5
hog_feature 3
34
6 14 12 24
4_cells_hog
4.029338e+02 -1.573286e-01 3.635618e-01
0.000000e+00 0.000000e+00 0.000000e+00
5.819375e+02 -8.965030e-02 3.746338e-01

5
hog_feature 3
35
8 12 26 26
4_cells_hog
1.142258e+02 -6.863340e-01 6.915262e-02
0.000000e+00 0.000000e+00 0.000000e+00
1.526124e+03 4.868678e-02 -7.458284e-01

5
haar_feature 1
2
16 12 10 10 0 -1
21 12 5 10 0 2
haar_x2
2.352150e-02 5.179769e-02 -4.953068e-01
0.000000e+00 0.000000e+00 0.000000e+00
1.810651e-02 6.395929e-02 -5.780862e-01

5
haar_feature 1
2
12 20 12 13 0 -1
16 20 4 13 0 3
haar_x3_0
-2.985290e-04 2.181133e-01 -2.506569e-01
0.000000e+00 0.000000e+00 0.000000e+00
-1.086343e-03 1.792189e-01 -1.261475e-01

5
haar_feature 1
2
4 26 36 9 0 -1
28 26 12 9 0 3
haar_x3_2
2.361236e-01 -3.144863e-02 5.265037e-01
0.000000e+00 0.000000e+00 0.000000e+00
-1.821883e-02 1.706975e-01 -3.245273e-01

5
hog_feature 3
33
6 18 6 12
4_cells_hog
2.745905e+01 1.060922e-01 -1.826745e-01
0.000000e+00 0.000000e+00 0.000000e+00
7.071072e+00 1.927127e-01 -2.633091e-01

5
hog_feature 3
8
20 10 4 8
4_cells_hog
7.466675e+01 -8.613390e-02 1.768021e-01
0.000000e+00 0.000000e+00 0.000000e+00
4.001248e+01 -1.713262e-01 3.173033e-01

5
hog_feature 3
22
18 24 14 14
4_cells_hog
3.917141e+02 4.432951e-02 -7.836897e-01
0.000000e+00 0.000000e+00 0.000000e+00
4.356972e+02 4.327807e-02 -7.991539e-01

5
haar_feature 1
2
4 12 12 24 0 -1
4 20 12 8 0 3
haar_y3_0
1.097549e-02 -2.016716e-01 2.009231e-01
0.000000e+00 0.000000e+00 0.000000e+00
1.702969e-02 -1.445082e-01 1.864914e-01

5
var_feature 2
1
14 22 10 13
one_rect_var
6.899792e+01 6.160336e-01 -5.397661e-02
0.000000e+00 0.000000e+00 0.000000e+00
1.667637e+02 2.106805e-01 -1.528797e-01

5
var_feature 2
1
26 14 5 9
one_rect_var
1.210762e+02 -2.680700e-01 6.984738e-02
0.000000e+00 0.000000e+00 0.000000e+00
1.222120e+02 -5.967940e-01 1.084034e-01

5
var_feature 2
1
2 0 38 4
one_rect_var
1.556686e+03 1.431606e-01 -2.902178e-01
0.000000e+00 0.000000e+00 0.000000e+00
1.298734e+03 1.336347e-01 -2.174261e-01

5
hog_feature 3
10
14 4 12 24
4_cells_hog
1.195375e+03 -5.587808e-02 6.060025e-01
0.000000e+00 0.000000e+00 0.000000e+00
6.326773e+02 -1.026300e-01 4.193273e-01

5
hog_feature 3
21
12 6 20 10
4_cells_hog
2.061865e+01 2.126257e-01 -1.273218e-01
0.000000e+00 0.000000e+00 0.000000e+00
7.600204e+01 1.254473e-01 -3.500276e-01

5
hog_feature 3
4
8 0 24 12
4_cells_hog
4.509704e+01 -3.068999e-01 1.233238e-01
0.000000e+00 0.000000e+00 0.000000e+00
6.750141e+01 -2.869745e-01 1.339054e-01

5
hog_feature 3
9
0 22 14 14
4_cells_hog
1.956786e+02 -2.029239e-01 1.934957e-01
0.000000e+00 0.000000e+00 0.000000e+00
8.402360e+02 -6.906568e-02 5.044415e-01

5
hog_feature 3
18
6 22 32 16
4_cells_hog
9.634331e+02 8.337043e-02 -5.116437e-01
0.000000e+00 0.000000e+00 0.000000e+00
1.279831e+03 5.627219e-02 -7.449496e-01

5
hog_feature 3
5
16 10 20 10
4_cells_hog
9.143115e+01 6.668196e-02 -2.615905e-01
0.000000e+00 0.000000e+00 0.000000e+00
1.299998e+01 2.778448e-01 -2.188705e-01

1
hog_feature 3
9
2 10 10 10
4_cells_hog
7.000005e+00 3.623404e-01 -1.528545e-01
0.000000e+00 0.000000e+00 0.000000e+00
0.000000e+00 0.000000e+00 0.000000e+00

1
hog_feature 3
32
6 20 20 10
4_cells_hog
1.309951e+02 -1.896730e-01 2.568684e-01
0.000000e+00 0.000000e+00 0.000000e+00
0.000000e+00 0.000000e+00 0.000000e+00

1
hog_feature 3
34
18 28 10 10
4_cells_hog
6.694788e+01 1.368760e-01 -3.608115e-01
0.000000e+00 0.000000e+00 0.000000e+00
0.000000e+00 0.000000e+00 0.000000e+00

1
hog_feature 3
8
16 14 12 12
4_cells_hog
2.338544e+01 -6.627434e-01 6.399824e-02
0.000000e+00 0.000000e+00 0.000000e+00
0.000000e+00 0.000000e+00 0.000000e+00

38
1 3 5 6 8 11 12 14 16 19 20 22 24 27 28 30 33 34 35 36 37 38 39 40 41 42 43 44 45 46 47 48 49 50 51 52 53 54 
-1.620075e+00
17
0 2 4 6 8 10 12 15 16 18 21 23 24 26 29 30 32 
-1.919704e+00
34
1 3 5 7 9 11 13 15 17 19 21 23 25 27 29 31 33 34 35 36 37 38 39 40 41 42 43 44 45 46 47 48 49 50 
-1.666333e+00

7
-1
